%YAML:1.0

cam0:
  # Rotation from IMU to camera frame (T_IC) or Camera to IMU (T_CI). 
  # Using T_cam_imu directly from Kalibr output (OpenVINS handles this automatically)
  T_cam_imu: 
    - [0.9999907819428454, 0.0019344499693853816, 0.003833266577447281, 0.0008861269669730608]
    - [-0.001908501304010563, 0.9999753197713438, -0.006761469586759173, -0.0056541869122946]
    - [-0.0038462516961867534, 0.006754091464884392, 0.9999697938419814, -0.042346422649202166]
    - [0.0, 0.0, 0.0, 1.0]
  cam_overlaps: [1]
  camera_model: pinhole
  distortion_coeffs: [0.0009267682224476264, -0.002892767822232593, -2.5553873953527823e-06, 0.00033891897761552966]
  distortion_model: radtan
  intrinsics: [423.8591747131185, 424.4802307966702, 430.6566519030925, 243.61383785907833] 
  resolution: [848, 480]
  rostopic: /camera/infra1/image_rect_raw

cam1:
  T_cam_imu: 
    - [0.9999885933655123, 0.0018026693938128658, 0.004423067026501411, -0.04921959511495386]
    - [-0.0017708214092460113, 0.999972556255223, -0.007193811780378995, -0.00573872022659235]
    - [-0.0044359137053001435, 0.007185897261412383, 0.9999643421393323, -0.04255082486237111]
    - [0.0, 0.0, 0.0, 1.0]
  cam_overlaps: [0]
  camera_model: pinhole
  distortion_coeffs: [0.0005340469941737108, -0.00225179500295258, 0.00011702459726999801, -1.082930913203887e-05]
  distortion_model: radtan
  intrinsics: [423.69115106229754, 424.34638855618965, 430.33190457756496, 243.74530964433868] 
  resolution: [848, 480]
  rostopic: /camera/infra2/image_rect_raw