1403715274.812143087 1.015799999237 0.669085621834 0.091763891280 0.064186867885 -0.813750987852 0.075136359885 0.572751213516
1403715275.962142944 1.016149759293 0.671788930893 0.090724088252 0.064350232570 -0.813035590418 0.075617842253 0.573684658088
1403715276.112143040 1.015995621681 0.672408938408 0.089159183204 0.064179487723 -0.813241369064 0.075691814443 0.573402603293
1403715276.212143183 1.016375541687 0.672424674034 0.088259041309 0.064330851632 -0.813098873367 0.075805375678 0.573572365911
1403715276.262142897 1.016590356827 0.672068774700 0.088621988893 0.064314896512 -0.813155801227 0.075918960222 0.573478390122
1403715276.312143087 1.016867756844 0.671644568443 0.088717572391 0.064193760692 -0.813244407548 0.075964371818 0.573360534877
1403715276.512143135 1.017386078835 0.671057760715 0.089589022100 0.064366810613 -0.812987997674 0.075928036340 0.573709242408
1403715276.612143040 1.017391681671 0.671134293079 0.090072475374 0.063871048666 -0.813462263592 0.075481395694 0.573151348916
1403715276.712143183 1.017786502838 0.670416891575 0.090132974088 0.063621662046 -0.813162775640 0.075509457125 0.573599968536
1403715276.862143040 1.018241047859 0.670420527458 0.090494863689 0.063869998701 -0.813317798985 0.076146558767 0.573268324404
1403715276.962142944 1.018356680870 0.669451892376 0.090776324272 0.064154928060 -0.812867107945 0.075770428979 0.573924975600
1403715277.112143040 1.018819689751 0.670038342476 0.092213526368 0.064096157597 -0.813390911764 0.076114564640 0.573143607766
1403715277.162142992 1.019328474998 0.669999301434 0.093198418617 0.063958151667 -0.813161840729 0.076384765825 0.573448072695
1403715277.562143087 1.018788576126 0.670376658440 0.096067070961 0.063649704383 -0.813285981249 0.075499755103 0.573423386226
1403715277.712143183 1.018874049187 0.670144915581 0.094218194485 0.063192172855 -0.813316981920 0.076431672903 0.573306825753
1403715278.212143183 1.019317746162 0.667939960957 0.098867766559 0.063004018256 -0.813321346238 0.076508810339 0.573310711484
1403715278.362143040 1.017445325851 0.668542981148 0.093424789608 0.062186238547 -0.812160401120 0.074972623058 0.575245672071
1403715278.512143135 1.010887861252 0.668719351292 0.086389929056 0.059593356137 -0.809583736667 0.075481872619 0.579072781084
1403715278.612143040 1.005001425743 0.665284991264 0.096787743270 0.056223479755 -0.804622726508 0.076939291903 0.586089896411
1403715278.662142992 1.000373721123 0.662773966789 0.108153536916 0.056141257420 -0.803481586150 0.075226054793 0.587883179323
1403715278.762142897 0.985893547535 0.655556619167 0.133385613561 0.053535303426 -0.798659838451 0.078780096062 0.594197048490
1403715278.862143040 0.970784544945 0.648544907570 0.171109840274 0.051469538818 -0.794635187457 0.082437600357 0.599257940878
1403715278.962142944 0.955467104912 0.645298957825 0.205983489752 0.051773770909 -0.794058000654 0.082060503247 0.600047886199
1403715279.112143040 0.935499072075 0.639906883240 0.227973476052 0.053407704213 -0.793316914640 0.080895818690 0.601042417402
1403715279.162142992 0.929375469685 0.638284504414 0.226565733552 0.054072634448 -0.793342029909 0.081178491502 0.600911444557
1403715279.262142897 0.920362889767 0.634065449238 0.222900733352 0.054766623134 -0.794855273687 0.081291974353 0.598830098785
1403715279.312143087 0.916930675507 0.632293879986 0.223810404539 0.055430740508 -0.795398564151 0.082131850647 0.597932053799
1403715279.462142944 0.905340254307 0.629372954369 0.218962386250 0.054873460267 -0.797455598760 0.084700543247 0.594877665449
1403715279.562143087 0.899229705334 0.628163397312 0.219948217273 0.056066377953 -0.797798399062 0.085427534722 0.594202421387
1403715279.612143040 0.897498011589 0.627118647099 0.223536968231 0.056710951353 -0.798336115203 0.085845012419 0.593358469166
1403715279.862143040 0.891385734081 0.629657685757 0.250739365816 0.056567210417 -0.799259211133 0.087795517025 0.591842057924
1403715280.112143040 0.888121545315 0.634336829185 0.281492859125 0.061166200776 -0.813373676596 0.083521885329 0.572456067786
1403715280.262142897 0.880633413792 0.636451005936 0.301272571087 0.069469858926 -0.815098584466 0.074078787409 0.570351481738
1403715280.462142944 0.854450464249 0.632328450680 0.340891510248 0.068929764820 -0.810251221093 0.068935485691 0.577918150987
1403715280.612143040 0.830077409744 0.620984673500 0.367988705635 0.046392853297 -0.809873896078 0.066086462000 0.581020392680
1403715280.662142992 0.822267234325 0.615928709507 0.375888377428 0.038212977453 -0.810513249476 0.059823790577 0.581402752914
1403715280.862143040 0.777712464333 0.576160907745 0.398435533047 -0.007006540817 -0.811520130169 0.036644219443 0.583132406241
1403715280.962142944 0.761072814465 0.566902339458 0.408880203962 -0.025185528396 -0.811230010576 0.025031537733 0.583648074480
1403715281.012143135 0.752634823322 0.560002923012 0.413093209267 -0.033049346505 -0.810780622232 0.020613808744 0.584052786759
1403715281.062143087 0.744222223759 0.553024053574 0.416104972363 -0.039537412686 -0.810538163955 0.015518913430 0.584143792277
1403715281.212143183 0.714487731457 0.535882174969 0.423432201147 -0.054177950142 -0.810783151881 0.006165010828 0.582801156023
1403715282.362143040 0.472034215927 0.459335058928 0.390679568052 -0.285798791023 -0.774563418971 -0.155647371409 0.542350969901
1403715282.512143135 0.429519087076 0.449606299400 0.376541048288 -0.315728524006 -0.765819764108 -0.179538545778 0.530661505931
1403715282.612143040 0.392022848129 0.441616654396 0.364527881145 -0.335082778712 -0.756771000490 -0.195260866784 0.526203714015
1403715282.912142992 0.280855000019 0.422760397196 0.328197211027 -0.392399862805 -0.726882088448 -0.232765765080 0.513308186020
1403715283.362143040 0.125844642520 0.393168479204 0.270589053631 0.472482151209 0.675694963150 0.279321446000 -0.492114406515
1403715283.562143087 0.072368681431 0.377384573221 0.250904053450 0.502202253680 0.661092435063 0.296228173502 -0.472227202748
1403715283.812143087 0.009481266141 0.363285481930 0.227551966906 0.521653833587 0.649630522685 0.312030710619 -0.456611749782
1403715284.012143135 -0.040423344821 0.358210206032 0.210477739573 0.525076182136 0.645872126901 0.313248303439 -0.457186685771
1403715284.212143183 -0.087685123086 0.358019471169 0.190271168947 0.529737977318 0.647824732171 0.303219552001 -0.455805702941
1403715284.412142992 -0.129106342793 0.367311805487 0.166588410735 0.528569025651 0.647984885871 0.296449445356 -0.461354586084
1403715284.462142944 -0.136126294732 0.373354345560 0.169513717294 0.526310926736 0.649791239077 0.297638586618 -0.460629492651
1403715284.562143087 -0.150899261236 0.387831747532 0.167211398482 0.519213627779 0.653446911547 0.302904341134 -0.460079716575
1403715284.612143040 -0.157781705260 0.393360525370 0.162149176002 0.515261331348 0.655396481913 0.305640096227 -0.459940518934
1403715284.662142992 -0.163517355919 0.399395763874 0.158110290766 0.511489061820 0.656749250895 0.308527652197 -0.460293491750
1403715284.862143040 -0.190626978874 0.429072946310 0.149791404605 0.506677693858 0.655610741756 0.317308596323 -0.461267433263
1403715285.112143040 -0.218191444874 0.458325207233 0.141843721271 0.532176451924 0.621895728173 0.339768717438 -0.463239927695
1403715285.312143087 -0.231518805027 0.467328101397 0.150970086455 0.567065961359 0.601905208818 0.346963415096 -0.442450923670
1403715285.612143040 -0.231126174331 0.476716399193 0.239426180720 0.595971408216 0.591514944042 0.339263186693 -0.424062015605
1403715286.162142992 -0.146773591638 0.554578781128 0.418432950974 0.592644565588 0.597406343651 0.356912976320 -0.405575305042
1403715286.412142992 -0.104184076190 0.611429572105 0.474438995123 0.592047960340 0.598343874353 0.355163664050 -0.406598816476
1403715286.562143087 -0.081868164241 0.654589295387 0.500258743763 0.589203960684 0.598283379068 0.361071009907 -0.405614845459
1403715286.612143040 -0.075785338879 0.669497370720 0.509698748589 0.590122508821 0.596073836138 0.363238737274 -0.405597128403
1403715286.862143040 -0.042906254530 0.748057782650 0.541283845901 0.603240378970 0.576908379054 0.380441969912 -0.398172863513
1403715287.112143040 -0.023687461391 0.826371014118 0.566198766232 0.617457403247 0.570857425071 0.386345817330 -0.378952549416
1403715287.512143135 -0.019760513678 0.963087558746 0.613675832748 0.622789094926 0.551006150586 0.396028624006 -0.389470664374
1403715287.712143183 -0.016676636413 1.022734165192 0.641610145569 0.643918708689 0.529163841765 0.396090676978 -0.385313486338
1403715288.062143087 0.023927509785 1.107231140137 0.695513010025 0.678037806368 0.473065203231 0.443463785046 -0.346141461620
1403715288.362143040 0.063521072268 1.155784130096 0.712786018848 0.701201111548 0.441741120702 0.461895695553 -0.315965365641
1403715288.612143040 0.095338538289 1.179919004440 0.694412231445 0.708663875870 0.432730342310 0.461086014494 -0.312953262809
1403715288.962142944 0.153179019690 1.193274021149 0.723210453987 0.709107530159 0.437696200015 0.465239540855 -0.298564713512
1403715289.162142992 0.187180772424 1.192527174950 0.680979609489 0.718580420330 0.427924548218 0.469938911466 -0.282276906986
1403715289.412142992 0.222569882870 1.193535447121 0.605064511299 0.731495204900 0.409237489218 0.478971551033 -0.260817446096
1403715289.612143040 0.243794634938 1.199373364449 0.533838570118 0.749677834757 0.382949132029 0.483272024205 -0.240377522005
1403715290.212143183 0.288111686707 1.304429173470 0.427269190550 0.755181982414 0.375641407346 0.482296191572 -0.236609597846
1403715290.412142992 0.301479250193 1.367588877678 0.450664728880 0.757580677440 0.384614002073 0.468648889565 -0.241892256823
1403715290.462142944 0.306172698736 1.385181784630 0.455209434032 0.758441997872 0.385807452403 0.465495654011 -0.243376327867
1403715290.662142992 0.324772864580 1.466099023819 0.468663364649 0.754907743331 0.384431457826 0.468029440687 -0.251545770112
1403715290.962142944 0.355958759785 1.598885893822 0.480976045132 0.745708201188 0.376234186114 0.483775514997 -0.261397180351
1403715291.212143183 0.385778248310 1.706968665123 0.479551494122 0.755656187954 0.349966172741 0.481904891600 -0.272534586031
1403715291.362143040 0.414702177048 1.760987877846 0.469344437122 0.760364517074 0.337536693151 0.484865238559 -0.269852709022
1403715291.412142992 0.426785737276 1.776014208794 0.466320604086 0.762272413481 0.334362998368 0.485329578626 -0.267576774995
1403715291.462142944 0.437794983387 1.788348317146 0.460537701845 0.764882769188 0.331944314505 0.485543699870 -0.262706534863
1403715291.662142992 0.493811130524 1.835276246071 0.432567566633 0.778478857570 0.317266884956 0.482045711195 -0.246869014096
1403715291.812143087 0.547033965588 1.863402247429 0.412023484707 0.782433595536 0.314482683534 0.484822000671 -0.232047487986
1403715291.862143040 0.568174719810 1.871244072914 0.406465440989 0.781987009502 0.316224738415 0.487707882525 -0.225031835167
1403715292.062143087 0.654946982861 1.908363461494 0.374566346407 0.781097292281 0.322057179553 0.493171177649 -0.207240131811
1403715292.262142897 0.739830791950 1.956331014633 0.341452002525 0.775693493170 0.338805167209 0.487774383736 -0.213510756547
1403715292.312143087 0.762624740601 1.972037196159 0.333419770002 0.772995287739 0.346297530956 0.485355484805 -0.216763347079
1403715292.462142944 0.827349007130 2.023998498917 0.303593426943 0.759865678215 0.375885924310 0.477974598153 -0.229900512394
1403715292.512143135 0.851879000664 2.043326616287 0.295227617025 0.753447130965 0.385353426519 0.476541266019 -0.238177673449
1403715292.812143087 0.966195762157 2.173109769821 0.273780494928 0.688727165497 0.450044527398 0.485989515862 -0.294837166204
1403715292.962142944 0.996020257473 2.230681419373 0.277745336294 0.672363786829 0.483705233094 0.460236933971 -0.319590769398
1403715293.012143135 0.993924319744 2.249776601791 0.279449522495 0.668362979389 0.493435642740 0.448359396313 -0.329827422353
1403715293.162142992 1.015771627426 2.310326099396 0.314132839441 0.651904449337 0.514995427936 0.425270271974 -0.359089982191
1403715293.212143183 1.018415927887 2.328831911087 0.323771208525 0.644769594166 0.522764653896 0.418698349399 -0.368349128860
1403715293.412142992 1.051652431488 2.406063556671 0.373422712088 0.614887905959 0.544196202939 0.405032724934 -0.402134296353
1403715293.462142944 1.061326861382 2.422015666962 0.375291109085 0.608093843706 0.547530822916 0.401988697591 -0.410897936544
1403715293.662142992 1.086317539215 2.477049827576 0.434209108353 0.585407425802 0.575722274339 0.384022850251 -0.422337086318
1403715293.812143087 1.113421678543 2.512912034988 0.480242341757 0.570681973291 0.596024568397 0.367432068751 -0.429034523772
1403715293.862143040 1.121519327164 2.523812294006 0.494112610817 0.565727419064 0.602432518230 0.361053825286 -0.432050759140
1403715294.012143135 1.150184988976 2.558408737183 0.533644556999 0.546612311207 0.620642052824 0.347308557417 -0.442035257919
1403715294.062143087 1.161662101746 2.568169832230 0.545637547970 0.539819529256 0.626676717254 0.342346188608 -0.445724443938
1403715294.262142897 1.204388380051 2.603918075562 0.549763679504 0.510357190943 0.644065054717 0.321938832612 -0.470182142346
1403715294.312143087 1.212038397789 2.613439798355 0.541245043278 0.502867472391 0.648193428341 0.316552689200 -0.476197502778
1403715294.462142944 1.240088462830 2.635687828064 0.507494747639 0.478782319167 0.663012670478 0.301083459693 -0.490438962394
1403715294.512143135 1.254001498222 2.640115261078 0.490752667189 0.471000999309 0.668741546003 0.295263364809 -0.493723056203
1403715294.762142897 1.328425168991 2.662150144577 0.428452968597 0.423656870522 0.713866686527 0.266955034644 -0.489534734640
1403715295.012143135 1.369280815125 2.673306465149 0.361282140017 -0.382998403965 -0.734809765887 -0.239335563129 0.506048774611
1403715295.312143087 1.410493016243 2.684929847717 0.308868318796 -0.336756329306 -0.746285743606 -0.200332102641 0.538070723497
1403715295.662142992 1.459227085114 2.681999444962 0.316870927811 -0.268510391209 -0.774782131691 -0.160289304984 0.549474451006
1403715295.962142944 1.511020421982 2.667200326920 0.255916923285 -0.233568280845 -0.777859894316 -0.129785842998 0.568801763427
1403715296.212143183 1.569236636162 2.647178411484 0.180957898498 -0.219046362267 -0.789400472904 -0.096895053652 0.565223168590
1403715296.462142944 1.642097234726 2.648220777512 0.116924367845 -0.198771508319 -0.811054021943 -0.068890061352 0.545834737210
1403715297.112143040 1.760680437088 2.783391237259 0.105765752494 -0.134488607935 -0.813010586913 -0.042568903311 0.564902189669
1403715297.412142992 1.774528026581 2.859350204468 0.074715614319 -0.077865694607 -0.829172108185 0.013992481741 0.553367070661
1403715297.612143040 1.756321907043 2.931129693985 0.051075570285 -0.033873245774 -0.829600368231 0.033719763170 0.556308346003
1403715297.812143087 1.710787057877 3.017926692963 0.028848540038 -0.008346226606 -0.827023402773 0.064129950692 0.558435357585
1403715298.012143135 1.643247365952 3.117894649506 0.015269964933 0.025732093714 -0.798682631680 0.086944457041 0.594881973882
1403715298.212143183 1.577433347702 3.233247756958 0.007260377984 0.085322555904 -0.783804920299 0.088108262364 0.608775039134
1403715298.412142992 1.540982842445 3.337013006210 -0.001452616183 0.137012046197 -0.784841710683 0.084491760778 0.598424859822
1403715298.462142944 1.534364700317 3.362324237823 -0.001833159244 0.145112410957 -0.785291361056 0.084902543646 0.595862207902
1403715298.662142992 1.524709820747 3.431258201599 0.002677284647 0.166071586115 -0.783845844467 0.070206611913 0.594202926073
1403715298.812143087 1.530171871185 3.448333263397 0.009831328876 0.166874497968 -0.784475732521 0.066925258938 0.593524981198
1403715298.862143040 1.539050102234 3.447433710098 0.012025989592 0.160510331223 -0.790389812155 0.076096436486 0.586284807906
1403715298.962142944 1.548831939697 3.438244819641 0.019030855969 0.147156901183 -0.801109960838 0.101821318516 0.571139024122
1403715299.012143135 1.554528832436 3.429500818253 0.022056896240 0.145419581368 -0.804341013346 0.111898989535 0.565125965249
1403715299.412142992 1.556753039360 3.332464694977 0.065370917320 0.185657794579 -0.800707368104 0.167088528605 0.544499982541
1403715299.662142992 1.465326428413 3.287304162979 0.110928617418 0.242691636863 -0.776915910831 0.217678282141 0.538626549842
1403715299.962142944 1.418468952179 3.157518386841 0.111617736518 0.305514012076 -0.745386077423 0.256038946073 0.534326578478
1403715300.212143183 1.326677918434 3.087565660477 0.124736011028 0.350711441830 -0.712511860338 0.274666689766 0.542113227044
1403715300.462142944 1.242938041687 3.035482645035 0.137906000018 0.356240321165 -0.697331798705 0.291932776149 0.549178354506
1403715300.662142992 1.191470861435 3.013990163803 0.146545261145 0.354469188891 -0.700627760960 0.296487676560 0.543661170040
1403715300.862143040 1.148232817650 3.014407157898 0.154314294457 0.350323522205 -0.702497808852 0.293137924191 0.545748002372
1403715301.062143087 1.117514014244 3.031375885010 0.155157551169 0.353217618473 -0.700337777437 0.280363985690 0.553317995265
1403715301.412142992 1.117949962616 3.090468406677 0.147327095270 0.355153937376 -0.692317877117 0.266655846696 0.568732524239
1403715301.612143040 1.162380099297 3.135620117188 0.123895078897 0.348820615542 -0.709703520230 0.272595948362 0.548029970845
1403715301.812143087 1.216265439987 3.188034534454 0.092681229115 0.347715805909 -0.717197264689 0.268743585421 0.540831272790
1403715302.012143135 1.275982379913 3.240663528442 0.064072489738 0.348857144169 -0.715435384759 0.260527428573 0.546421445369
1403715302.312143087 1.386283636093 3.308112621307 0.033673275262 0.349407579028 -0.724381882264 0.242589220783 0.542527060306
1403715302.562143087 1.497595191002 3.338142395020 0.030323063955 0.335627939153 -0.732605334350 0.244527106407 0.539305200398
1403715302.912142992 1.648312091827 3.348663091660 0.018869554624 0.326924912428 -0.748387157098 0.252649228879 0.518850034094
1403715303.212143183 1.738596916199 3.322302103043 -0.001627838472 0.367178442162 -0.735149404830 0.268415178773 0.502681426466
1403715303.462142944 1.787226080894 3.267264127731 -0.009388501756 0.425189074409 -0.687710494856 0.300045021316 0.506203030244
1403715303.862143040 1.876836419106 3.157286167145 -0.017277345061 -0.497147260936 0.624567081601 -0.373033519451 -0.472870633618
1403715304.112143040 1.932652950287 3.104324817657 -0.022792488337 -0.518129393789 0.601000170016 -0.400066881825 -0.458570864006
1403715304.312143087 1.969477534294 3.081060171127 -0.033222615719 -0.523341100986 0.598670801137 -0.403610187869 -0.452555201032
1403715304.612143040 2.005944967270 3.067810058594 -0.069921620190 -0.524008671273 0.603363199182 -0.390734240115 -0.456830984086
1403715304.662142992 2.009887218475 3.067442893982 -0.084209725261 -0.522410160153 0.603827763055 -0.390207486234 -0.458495280041
1403715304.712143183 2.014595270157 3.067016124725 -0.098858252168 -0.521252013254 0.604497824012 -0.388938747555 -0.460005844886
1403715304.962142944 2.040252923965 3.072543859482 -0.143030032516 -0.520499814828 0.610872347094 -0.379018938571 -0.460716468486
1403715305.312143087 2.084943056107 3.091651678085 -0.115136273205 -0.519187673118 0.615362251707 -0.379602016759 -0.455714718313
1403715305.562143087 2.114425659180 3.102874755859 -0.090240225196 -0.524288070682 0.611070763098 -0.382823219253 -0.452947091763
1403715305.762142897 2.135340213776 3.111296415329 -0.021461045370 -0.528333386117 0.606471342950 -0.390296153560 -0.448023812578
1403715305.812143087 2.140654087067 3.113218784332 0.005048177671 -0.530289497049 0.605534812184 -0.390559012354 -0.446748675762
1403715306.012143135 2.154579401016 3.121894598007 0.083840548992 -0.536133966767 0.602880406335 -0.388533004511 -0.445126656135
1403715306.212143183 2.161080598831 3.125811100006 0.146988570690 -0.531066329092 0.607993759780 -0.395309044417 -0.438227076651
1403715306.412142992 2.150757074356 3.127619981766 0.206787303090 -0.503482488469 0.617428151728 -0.412069293804 -0.442138865444
1403715306.462142944 2.142813444138 3.131688833237 0.217543110251 -0.495578943676 0.620135720044 -0.413079632826 -0.446316448233
1403715306.662142992 2.096719503403 3.153828859329 0.271382272243 -0.463538945802 0.631875961074 -0.401760001632 -0.473765206591
1403715306.862143040 2.027787208557 3.209496974945 0.319726258516 0.431288414468 -0.641570199471 0.367953003453 0.516709512923
1403715307.212143183 1.938988685608 3.380408048630 0.345434874296 0.387742754609 -0.679570660624 0.265964293687 0.563118318294
1403715307.412142992 1.935858011246 3.481613159180 0.294180184603 0.353514211174 -0.715184073925 0.230760874366 0.557035998422
1403715307.462142944 1.941528797150 3.506532430649 0.283503860235 0.342078014544 -0.724930386415 0.228196832856 0.552616399974
1403715307.662142992 1.969129800797 3.589178800583 0.231246024370 0.296022529590 -0.754813796759 0.217407990993 0.543470713262
1403715308.012143135 2.004309892654 3.698341369629 0.131395563483 0.226121292136 -0.783859598150 0.164221904744 0.554494817606
1403715308.262142897 2.009737968445 3.748488426208 0.064365230501 0.180793386966 -0.795981754240 0.130239600347 0.562818264993
1403715308.512143135 2.003029346466 3.768072843552 0.003262749873 0.145899228828 -0.802447656903 0.114696824825 0.567129600607
1403715308.962142944 1.953106999397 3.753239870071 0.006850636099 0.130235082200 -0.807102839828 0.126498796626 0.561802577421
1403715309.412142992 1.827568411827 3.755748271942 0.048081252724 0.137823736768 -0.784629802495 0.158032461118 0.583426595084
1403715309.662142992 1.757225871086 3.790989875793 0.066739171743 0.159655008873 -0.783639117754 0.147927488419 0.581839696354
1403715309.912142992 1.699416279793 3.830960750580 0.081280887127 0.159572644577 -0.788001157661 0.163946673653 0.571587658960
1403715310.112143040 1.653966784477 3.874224185944 0.087495952845 0.150505926639 -0.780235142306 0.177185139663 0.580677711591
1403715310.412142992 1.599927425385 3.968554258347 0.087122119963 0.133413150480 -0.774041711356 0.135460713184 0.603912923339
1403715310.662142992 1.586494803429 4.087450027466 0.097624346614 0.109609711465 -0.793280682235 0.103471530894 0.589902818009
1403715310.862143040 1.590947985649 4.165897369385 0.104649916291 0.096490582202 -0.802644475581 0.094121815707 0.581027221031
1403715311.112143040 1.587796449661 4.252713680267 0.108792655170 0.083612008712 -0.810438290951 0.097948610699 0.571493832659
1403715311.362143040 1.569965124130 4.336582660675 0.108148723841 0.073151557177 -0.813349346275 0.102160452868 0.568044922875
1403715311.562143087 1.536435842514 4.413061618805 0.111975565553 0.079673643617 -0.809218016312 0.093490554902 0.574524331040
1403715311.762142897 1.484782814980 4.485733509064 0.118686802685 0.077698079883 -0.809270784791 0.088004546151 0.575585982287
1403715311.812143087 1.467341542244 4.501118659973 0.130694806576 0.075502275685 -0.810643257868 0.086958437950 0.574103823988
1403715312.062143087 1.383461713791 4.587826251984 0.144273132086 0.072857784324 -0.813562374651 0.081417840134 0.571120923723
1403715312.612143040 1.149709701538 4.761121749878 0.176395654678 0.060639010670 -0.810940556161 0.086748985580 0.575476372125
1403715312.962142944 1.008633375168 4.847286224365 0.168592005968 0.077462251127 -0.796108528453 0.090419812813 0.593325519663
1403715313.162142992 0.967671215534 4.864138603210 0.194232225418 0.083935672095 -0.797155451469 0.104863252164 0.588644013888
1403715313.262142897 0.950676798820 4.879223346710 0.216350629926 0.084630459789 -0.799559004066 0.113633025071 0.583635876883
1403715313.312143087 0.945869863033 4.885756969452 0.228538140655 0.084296381302 -0.801609196544 0.118622467790 0.579866923150
1403715313.362143040 0.942583739758 4.892106533051 0.243152409792 0.084148674627 -0.803846256304 0.122766690116 0.575915554382
1403715313.462142944 0.939606249332 4.891522884369 0.254381507635 0.082961597188 -0.808298090537 0.125425736192 0.569245280512
1403715313.612143040 0.945624530315 4.899202346802 0.272772431374 0.076689266957 -0.812224141427 0.118506712409 0.566009691785
1403715313.762142897 0.953508377075 4.905434608459 0.291191786528 0.070807902385 -0.814125485291 0.112227611301 0.565323920232
1403715313.912142992 0.965927839279 4.905529975891 0.315805912018 0.063046540801 -0.815581266076 0.113358573518 0.563916905335
1403715314.012143135 0.974521517754 4.905559062958 0.331377625465 0.056692473870 -0.816374968768 0.115170185233 0.563075235075
1403715314.062143087 0.978949010372 4.904386520386 0.336454868317 0.053807067505 -0.817238305654 0.111278649488 0.562888428567
1403715314.112143040 0.984943449497 4.902529239655 0.340130567551 0.050345348925 -0.818040993784 0.104545886097 0.563333503109
1403715314.262142897 1.003072023392 4.900431156158 0.354735255241 0.030733161649 -0.822508262575 0.078776118831 0.562432238683
1403715314.312143087 1.005685687065 4.893961429596 0.354436427355 0.021790724751 -0.824351556536 0.069309814261 0.561396423570
1403715314.512143135 1.024646520615 4.882735252380 0.365994036198 -0.009502439869 -0.827628921569 0.042426182006 0.559589285803
1403715314.712143183 1.041021466255 4.864112377167 0.370974004269 -0.028024014913 -0.825749622701 0.032467058035 0.562404114445
1403715315.062143087 1.048944950104 4.737253665924 0.356928110123 -0.044685614473 -0.813866847795 0.012866524860 0.579187640890
1403715315.312143087 1.045691490173 4.683833122253 0.369693607092 -0.046336195412 -0.814534509312 0.002771704197 0.578255116795
1403715315.612143040 1.053872108459 4.608975410461 0.373019337654 -0.080813572041 -0.809952672506 -0.029228697865 0.580165188610
1403715315.812143087 1.071222543716 4.574125289917 0.379956215620 -0.129535336026 -0.791809843923 -0.041598765731 0.595422128160
1403715316.212143183 1.117951393127 4.518141746521 0.383044093847 -0.196086075156 -0.790165985182 -0.097945332818 0.572358966805
1403715316.562143087 1.132049798965 4.439630985260 0.345372438431 -0.245328010473 -0.797520861548 -0.152781376876 0.529558898145
1403715316.762142897 1.106626987457 4.405771255493 0.316691488028 -0.263842526792 -0.784311546738 -0.161109048712 0.537853703170
1403715316.812143087 1.093346476555 4.387807846069 0.305226296186 -0.269631376827 -0.781283355056 -0.165013433528 0.538206353534
1403715317.012143135 1.049200057983 4.341392993927 0.259121805429 -0.298059756543 -0.762936176424 -0.186737154392 0.542418911632
1403715317.312143087 0.978284180164 4.266809463501 0.206211805344 -0.364539989907 -0.739684456889 -0.225251622065 0.518883175445
1403715317.612143040 0.902916789055 4.189565181732 0.162854373455 0.435232013116 0.703053017746 0.264526294777 -0.496301809077
1403715317.812143087 0.851622104645 4.139962196350 0.137502208352 0.480366647677 0.672594941953 0.283813350781 -0.486121361666
1403715318.212143183 0.798698663712 4.069372653961 0.093171067536 0.544165864667 0.625097646015 0.312770603690 -0.464016117876
1403715318.562143087 0.820561170578 4.041934967041 0.054687608033 0.561789841125 0.616399495858 0.344401029378 -0.431082297485
1403715318.862143040 0.861848115921 4.050005912781 0.008914813399 0.600212801668 0.602356675210 0.356323557947 -0.387226803812
1403715319.112143040 0.886789023876 4.109131813049 -0.024032996967 0.617928299532 0.572201389773 0.387365467755 -0.375097597819
1403715319.312143087 0.894659340382 4.182242393494 -0.044823855162 0.632339525222 0.543941842757 0.416342895569 -0.361846268385
1403715319.612143040 0.883257865906 4.318864345551 -0.066102556884 0.662750326347 0.496931446961 0.443169629611 -0.342668713464
1403715319.912142992 0.838571310043 4.476274013519 -0.017860714346 0.677487394310 0.479314665468 0.447467190235 -0.333228735269
1403715320.212143183 0.771236062050 4.647184371948 0.065696090460 0.690411811608 0.455833593302 0.463500351304 -0.317355978587
1403715320.462142944 0.699328422546 4.786673545837 0.127030432224 0.718118786934 0.393328830595 0.489432912788 -0.300088894380
1403715320.762142897 0.598631441593 4.915902614594 0.187737822533 0.763813917799 0.305563422168 0.499004672747 -0.272421855092
1403715320.962142944 0.540129482746 4.968580245972 0.223885640502 0.782681755371 0.275280815358 0.492781559651 -0.262290129709
1403715321.162142992 0.502111196518 4.991703033447 0.250061273575 0.789583081662 0.274055404436 0.493424064571 -0.240800675276
1403715321.612143040 0.506963074207 4.951521873474 0.285742580891 0.788770834206 0.281631568420 0.493156654675 -0.235203463905
1403715321.662142992 0.517691135406 4.941988945007 0.292666941881 0.787303980962 0.283850931927 0.494987479651 -0.233599281663
1403715321.962142944 0.596320211887 4.838884353638 0.318323731422 0.778098449292 0.266631723526 0.515539551970 -0.240186222316
1403715322.212143183 0.683734655380 4.695515632629 0.340060263872 0.789737214658 0.269076623815 0.511598589990 -0.205377221695
1403715322.362143040 0.750376462936 4.600382328033 0.354960560799 0.795763563652 0.268218178865 0.513527132796 -0.176378229838
1403715322.412142992 0.770159900188 4.569142341614 0.356560349464 0.798135671843 0.265606862618 0.514253242640 -0.167260775559
1403715322.462142944 0.789050400257 4.536071777344 0.354488134384 0.801108149352 0.261631344536 0.514708140546 -0.157640035536
1403715322.762142897 0.931055009365 4.369204521179 0.299193114042 0.812063026298 0.243702246992 0.513823211512 -0.130952660381
1403715323.162142992 1.059629440308 4.249419689178 0.270453333855 0.797333421866 0.253747765418 0.534420574305 -0.119440896836
1403715323.362143040 1.134056806564 4.233616828918 0.254996240139 0.780023341387 0.265161743663 0.554890124697 -0.115541340342
1403715323.612143040 1.250803709030 4.253415584564 0.257977277040 0.757519370341 0.266045787573 0.585022175608 -0.114599638045
1403715323.812143087 1.139592647552 4.295190334320 0.261542886496 0.737732887978 0.260404690338 0.607961684152 -0.135359172945
1403715324.062143087 1.219569802284 4.368494510651 0.306708157063 0.718894117357 0.251676660954 0.628838189968 -0.156245646002
1403715324.262142897 1.239543914795 4.403773307800 0.331420838833 0.733643248394 0.249569362426 0.610184900030 -0.164794733232
1403715324.312143087 1.236110210419 4.411089897156 0.334313958883 0.738218501618 0.247719701956 0.604101591872 -0.169498291019
1403715324.512143135 1.212548017502 4.421189785004 0.354379326105 0.772866375376 0.243790513567 0.555137924474 -0.187258272264
1403715324.662142992 1.198106408119 4.414484977722 0.378999203444 0.782750538793 0.246020452972 0.541618829340 -0.182824149523
1403715324.712143183 1.191834211349 4.412594795227 0.382491111755 0.783550252116 0.247135355584 0.540292957905 -0.181815074856
1403715324.912142992 1.186451077461 4.395122528076 0.411355704069 0.774950368507 0.259947028063 0.551849027810 -0.165354338463
1403715324.962142944 1.185152769089 4.390358448029 0.414895117283 0.771671050460 0.261920784420 0.555541536550 -0.165212042956
1403715325.162142992 1.175515413284 4.372467517853 0.430914938450 0.765519786923 0.263711238275 0.560742091131 -0.173216811363
1403715325.412142992 1.157775759697 4.343567848206 0.440597593784 0.758344041090 0.292044672815 0.550872994335 -0.190166545584
1403715325.812143087 1.144643068314 4.269508361816 0.447354972363 0.767138906327 0.294473963679 0.529327706702 -0.211175909339
1403715326.012143135 1.189915418625 4.218605041504 0.455164641142 0.758725393170 0.302969757474 0.541559383086 -0.198137641801
1403715326.312143087 1.284676074982 4.131447315216 0.454121053219 0.748768774356 0.295164879936 0.570319420107 -0.164191502082
1403715326.562143087 1.320832967758 4.060327053070 0.440551012754 0.731903961172 0.291185814034 0.592296248554 -0.169447503063
1403715326.812143087 1.328543305397 3.980575561523 0.416972577572 0.738014715513 0.286665291405 0.586571585524 -0.170561299509
1403715326.962142944 1.324146151543 3.924881935120 0.401199400425 0.749763332219 0.281189804251 0.573639091378 -0.172410968805
1403715327.062143087 1.314305543900 3.888591527939 0.394285023212 0.756154631087 0.276288395543 0.566646079214 -0.175519679812
1403715327.262142897 1.307330131531 3.806162834167 0.378994852304 0.764872151628 0.269721314874 0.556812787359 -0.179389507991
1403715327.362143040 1.310610413551 3.762275934219 0.376549214125 0.769046754374 0.266132359859 0.552648937410 -0.179777351554
1403715327.612143040 1.345499277115 3.639149904251 0.369373857975 0.772451036585 0.268366032402 0.548189324543 -0.175463948162
1403715328.312143087 1.540715098381 3.313605308533 0.348568171263 0.734885183116 0.336279707148 0.555846073234 -0.194665732724
1403715328.662142992 1.597830295563 3.162459373474 0.346653044224 0.746194860088 0.327235538053 0.551397005252 -0.179085466105
1403715329.062143087 1.590160489082 3.050785303116 0.327788382769 0.742743504714 0.370896164924 0.507905530424 -0.229782679800
1403715329.362143040 1.590982913971 3.006847858429 0.315749734640 0.725020654359 0.423471023929 0.462611939947 -0.284618284287
1403715329.612143040 1.570636749268 2.973908424377 0.280674308538 0.713335857098 0.446164505667 0.450296461192 -0.298868431673
1403715329.862143040 1.559021234512 2.950452089310 0.243931412697 0.706280707751 0.447916941298 0.458611226953 -0.300356067388
1403715330.162142992 1.549334406853 2.934943437576 0.188260138035 0.700628309029 0.455459781851 0.457433212665 -0.304025127853
1403715330.462142944 1.541103720665 2.927837371826 0.128129631281 0.697720915947 0.465361871506 0.456006221811 -0.297795665888
1403715330.912142992 1.533016204834 2.945109367371 0.179485082626 0.691207924648 0.459615183627 0.446504370919 -0.334094907720
1403715330.962142944 1.528530240059 2.943781137466 0.186976835132 0.689522131906 0.462640044247 0.441381448492 -0.340155748680
1403715331.212143183 1.542040109634 2.935172319412 0.238307759166 0.664053400763 0.503024587444 0.413674816943 -0.367249856439
1403715331.462142944 1.593341350555 2.912046432495 0.300269484520 0.637503025396 0.535075591198 0.406112654457 -0.377301813833
1403715331.962142944 1.745949864388 2.884840965271 0.475027948618 0.628017572153 0.545771244434 0.407040943673 -0.376889192765
1403715332.162142992 1.794848799706 2.875552654266 0.495575308800 0.641472640940 0.538471302861 0.398965658780 -0.373347070285
1403715332.462142944 1.868296861649 2.878042936325 0.500067293644 0.650247434943 0.531275103539 0.384694475239 -0.383321526330
1403715332.712143183 1.959648966789 2.902918100357 0.511304616928 0.645483675865 0.539057609706 0.384226073008 -0.380969876293
1403715333.062143087 2.133040666580 2.977734327316 0.530965447426 0.607419956916 0.547351541681 0.402503636055 -0.411628701312
1403715333.312143087 2.254989385605 3.008269548416 0.529472649097 0.593559560853 0.552464888894 0.405760994104 -0.421696182113
1403715333.562143087 2.372027635574 2.999453544617 0.507888376713 0.594597746925 0.559839549359 0.402990697484 -0.413075900363
1403715333.812143087 2.482483386993 2.963483810425 0.481683045626 0.602829608081 0.568681707385 0.389769107232 -0.401593950783
1403715334.062143087 2.589492797852 2.926519870758 0.467837870121 0.594812471154 0.586739132952 0.370833681798 -0.405484408755
1403715334.362143040 2.727061748505 2.907251596451 0.468923717737 0.582181082712 0.602156997509 0.354496771099 -0.415697198663
1403715335.012143135 3.045727252960 2.949810743332 0.477199673653 0.577938449775 0.607784386153 0.354548197404 -0.413377509682
1403715335.312143087 3.179591894150 2.992423057556 0.463871657848 0.572937942274 0.613901554000 0.352786296455 -0.412806058435
1403715335.612143040 3.295072793961 3.050465822220 0.449242144823 0.559480867476 0.625472128508 0.337467570301 -0.426475698724
1403715335.812143087 3.374898672104 3.101359128952 0.439067423344 0.540975790797 0.639322399445 0.328569560539 -0.436639676744
1403715336.012143135 3.444857358932 3.152846574783 0.424009770155 0.523881002287 0.648150590251 0.326377965283 -0.446012367241
1403715336.662142992 3.651095151901 3.311363935471 0.395612239838 0.513950951555 0.657152850536 0.320128961544 -0.448912137793
1403715336.812143087 3.690189838409 3.349257707596 0.394028812647 0.512617917310 0.657894622542 0.322099183357 -0.447939429620
1403715336.862143040 3.704101324081 3.360910892487 0.397855550051 0.510230155022 0.658159584224 0.324044113789 -0.448872452297
1403715336.962142944 3.728342056274 3.386782646179 0.404332697392 0.510435949215 0.658109413460 0.323832924665 -0.448864659017
1403715337.012143135 3.738745927811 3.400356292725 0.407152235508 0.511707138356 0.658277554082 0.322072134898 -0.448437305811
1403715337.062143087 3.750760793686 3.412356376648 0.406804323196 0.511441921125 0.659760549841 0.319788891668 -0.448194363747
1403715337.212143183 3.781116485596 3.453869581223 0.417082339525 0.504978076131 0.668719967943 0.310359790881 -0.448873782112
1403715337.262142897 3.789664983749 3.466531276703 0.418987691402 0.501739180929 0.671597907403 0.305550639341 -0.451500788932
1403715337.312143087 3.794086933136 3.481474876404 0.423895239830 0.498711695987 0.674732314782 0.299507025976 -0.454223126998
1403715337.562143087 3.829401016235 3.561750888824 0.439111709595 0.489155003931 0.679448651681 0.273171062910 -0.473766303314
1403715337.712143183 3.851768255234 3.621124029160 0.451483160257 0.479512750103 0.683365210069 0.274247706870 -0.477354904578
1403715337.762142897 3.860642671585 3.640737295151 0.451470077038 0.477893894304 0.683966736536 0.275040831641 -0.477660409639
1403715337.812143087 3.870561599731 3.660318613052 0.451317131519 0.476270115725 0.684150089306 0.276088246761 -0.478414878573
1403715337.962142944 3.899049520493 3.724637746811 0.457092881203 0.474274472736 0.684565620297 0.281972252029 -0.476366791389
1403715338.012143135 3.909633159637 3.745608329773 0.459801673889 0.475365000825 0.683342223896 0.282617290510 -0.476654079874
1403715338.162142992 3.925611495972 3.798527717590 0.465096831322 0.481083290266 0.678235800213 0.286116743494 -0.476122192731
1403715338.212143183 3.920230150223 3.812907695770 0.463019341230 0.483733998607 0.676339811674 0.286742714460 -0.475756871667
1403715338.412142992 3.950002193451 3.898933410645 0.463195323944 0.477977381846 0.677989993962 0.277800145734 -0.484452746238
1403715338.462142944 3.963545084000 3.915973663330 0.469197630882 0.473194873508 0.679889062613 0.275629789651 -0.487714873949
1403715338.662142992 4.006167888641 4.001794338226 0.480831176043 0.444983252844 0.698125165190 0.259999555840 -0.497002545922
1403715338.862143040 4.053728580475 4.088485240936 0.496503353119 -0.417676760979 -0.718143708876 -0.240701429542 0.501875526278
1403715339.062143087 4.107761383057 4.177736282349 0.497923493385 -0.397645781017 -0.731137347956 -0.234330773584 0.502399483610
1403715339.312143087 4.166307449341 4.293417930603 0.495883584023 -0.387045267245 -0.738335725464 -0.232083403385 0.501192481375
1403715339.662142992 4.226926803589 4.445319652557 0.468570858240 -0.395078457916 -0.733019479706 -0.231710618296 0.502897735618
1403715339.862143040 4.256351470947 4.526755809784 0.444974809885 0.388054644614 0.736315699303 0.254581798613 -0.492383002437
1403715340.012143135 4.262530326843 4.581741333008 0.428183376789 0.374574022042 0.742741074661 0.262030236603 -0.489254686508
1403715340.062143087 4.262178421021 4.593679428101 0.419106572866 0.369025026648 0.745144539827 0.260839071473 -0.490451912426
1403715340.212143183 4.243596553802 4.626809120178 0.404077291489 -0.352491125066 -0.752773869089 -0.242552072515 0.500250038570
1403715340.312143087 4.221014022827 4.651869773865 0.413395494223 -0.337428361921 -0.758671776547 -0.221471861980 0.511379875933
1403715340.612143040 4.131203174591 4.687948226929 0.442186743021 -0.292345013616 -0.777845158331 -0.160436493647 0.532683248308
1403715340.912142992 4.035022258759 4.728453636169 0.470992207527 -0.287199998408 -0.783099071192 -0.135607397806 0.534680043263
1403715341.162142992 3.957583665848 4.796329498291 0.491462111473 -0.292045791407 -0.779358934684 -0.142694222639 0.535674992324
1403715341.362143040 3.896892547607 4.865906715393 0.509654760361 -0.293954387579 -0.769219822187 -0.158281005037 0.544829425695
1403715341.512143135 3.858525037766 4.916700839996 0.526507794857 -0.296949004333 -0.767354501013 -0.169856606884 0.542344499470
1403715341.562143087 3.843300819397 4.933665752411 0.525718688965 -0.295532918928 -0.767224002446 -0.176091946370 0.541312397973
1403715341.862143040 3.769957780838 5.011350154877 0.545732140541 -0.284386803441 -0.767833670152 -0.204632920366 0.536358797845
1403715342.062143087 3.715880155563 5.031947612762 0.553292989731 -0.297344608506 -0.770383481219 -0.181054430517 0.534148701775
1403715342.212143183 3.669893980026 5.039362907410 0.571689009666 -0.302638452209 -0.775412323843 -0.164869495101 0.529116258385
1403715342.262142897 3.656750679016 5.042474269867 0.564253687859 -0.303845141067 -0.775896744377 -0.160779500670 0.528972892563
1403715342.312143087 3.644579410553 5.047049045563 0.561305046082 -0.303607388267 -0.775795608675 -0.157448137733 0.530258248746
1403715342.512143135 3.580391168594 5.067197799683 0.561351180077 -0.282329034811 -0.786398097976 -0.145247806408 0.529878880521
1403715342.762142897 3.486439704895 5.099967956543 0.562459170818 -0.226121858328 -0.799291422124 -0.144061511253 0.537818004274
1403715343.012143135 3.369565248489 5.125624179840 0.564289808273 -0.211847824884 -0.797484404824 -0.115022652585 0.553090442505
1403715343.212143183 3.272125005722 5.143565654755 0.560307919979 -0.207661333908 -0.796277457540 -0.107055396944 0.557994708053
1403715343.412142992 3.175060510635 5.164005756378 0.548072695732 -0.205586872460 -0.803670659588 -0.104246972285 0.548616762290
1403715343.512143135 3.126088619232 5.171464920044 0.539668142796 -0.205695560496 -0.804293409075 -0.105545740914 0.547413880649
1403715343.712143183 3.019432306290 5.193277359009 0.525756180286 -0.203752548089 -0.804040513326 -0.111812741576 0.547267609401
1403715343.912142992 2.906650543213 5.208234310150 0.515307247639 -0.201884228575 -0.798034941852 -0.120143094454 0.554931076728
1403715343.962142944 2.875416517258 5.210487365723 0.518297612667 -0.200725737790 -0.797460282471 -0.118494624597 0.556529827133
1403715344.112143040 2.784523010254 5.209495067596 0.522955060005 -0.190426747666 -0.797366277069 -0.108504788743 0.562291066786
1403715344.162142992 2.753770828247 5.208243846893 0.519584238529 -0.183920441793 -0.797447704510 -0.103865485231 0.565210210868
1403715344.312143087 2.662956714630 5.200307369232 0.513572633266 -0.156447731176 -0.796732961173 -0.100996853274 0.574926362039
1403715344.362143040 2.633338928223 5.195581912994 0.518722474575 -0.147285118396 -0.795740575758 -0.101132894684 0.578684960927
1403715344.512143135 2.553161859512 5.169605255127 0.517982125282 -0.125249759298 -0.792573750026 -0.103250423109 0.587774544088
1403715344.662142992 2.473874330521 5.129191398621 0.515244960785 -0.114602953149 -0.797274420208 -0.097895231609 0.584496512759
1403715344.812143087 2.401629447937 5.066745758057 0.507130205631 -0.109141273021 -0.804917041348 -0.092312159704 0.575912410699
1403715344.862143040 2.381905555725 5.043551921844 0.503221094608 -0.107336816076 -0.805860016910 -0.090701960517 0.575188304813
1403715345.012143135 2.315414190292 4.958684921265 0.493657261133 -0.110674724623 -0.803210497482 -0.079931149443 0.579840646806
1403715345.062143087 2.291546106339 4.928426742554 0.495071023703 -0.112402443829 -0.800719757965 -0.074409641447 0.583675098495
1403715345.212143183 2.227734565735 4.829976558685 0.499242693186 -0.118671733391 -0.797389539242 -0.064842389731 0.588117809059
1403715345.262142897 2.205491542816 4.797234535217 0.493690550327 -0.118545320327 -0.797917029226 -0.064297764659 0.587487377122
1403715345.312143087 2.187506914139 4.764125347137 0.490922570229 -0.120280458584 -0.798098383943 -0.062544221508 0.587077589310
1403715345.462142944 2.133093357086 4.655829906464 0.482828736305 -0.121169601426 -0.799838416764 -0.059397243719 0.584849173388
1403715345.512143135 2.115224123001 4.617784500122 0.486204296350 -0.119283414956 -0.800674776036 -0.059546698740 0.584076698686
1403715345.712143183 2.059675216675 4.463127613068 0.475890010595 -0.119943075753 -0.801210382935 -0.058817085319 0.583280764635
1403715345.962142944 2.001704692841 4.273282527924 0.458131581545 -0.127681994906 -0.807703482130 -0.056860359012 0.572782042610
1403715346.262142897 1.926203012466 4.060518741608 0.453990042210 -0.133801132032 -0.815126670669 -0.050439685188 0.561356892973
1403715346.712143183 1.775846838951 3.766166210175 0.478715151548 -0.151963022692 -0.795244520503 -0.054441207576 0.584405364558
1403715347.012143135 1.702599167824 3.593415975571 0.492025345564 -0.172676858073 -0.797197786803 -0.057421077092 0.575639847637
1403715347.262142897 1.650722980499 3.480682134628 0.513204038143 -0.154000718932 -0.805895624048 -0.057666955924 0.568762475705
1403715347.562143087 1.583967328072 3.344691514969 0.547360897064 -0.093448561493 -0.808289369250 -0.045200107846 0.579562468553
1403715347.812143087 1.532203316689 3.215723037720 0.578754246235 -0.072750396330 -0.805472910192 -0.018714952698 0.587852394407
1403715348.012143135 1.497072696686 3.112272500992 0.595983624458 -0.058602998944 -0.803398369584 0.022653631848 0.592117908636
1403715348.312143087 1.454892873764 2.981727361679 0.627085328102 0.007479531909 -0.807550561378 0.077724187547 0.584606846803
1403715348.512143135 1.433948755264 2.917782783508 0.623861968517 0.043660516495 -0.812028267155 0.096102944476 0.573993080585
1403715348.762142897 1.391102433205 2.886098384857 0.535245597363 0.054375666751 -0.805792903588 0.116681965316 0.578036907289
1403715349.062143087 1.327701210976 2.871438980103 0.445888102055 0.076062532687 -0.799037199536 0.128115576966 0.582529411648
1403715349.312143087 1.267737865448 2.913581371307 0.382385343313 0.098239292328 -0.787259545285 0.132307832835 0.594193600281
1403715349.612143040 1.213122487068 2.997276544571 0.309593617916 0.114764445319 -0.783899245540 0.124640776758 0.597324085805
1403715349.912142992 1.186268687248 3.093651533127 0.235962331295 0.149541883599 -0.784946230824 0.152111070180 0.581686340134
1403715350.162142992 1.176649212837 3.179713726044 0.192135021091 0.190197031637 -0.783083345977 0.170782112808 0.566956200478
1403715350.462142944 1.153581738472 3.280227661133 0.129640281200 0.218412878879 -0.794384510693 0.150175427998 0.546531658022
1403715350.712143183 1.115795612335 3.320036411285 0.083644792438 0.215664828242 -0.795695689517 0.145878731983 0.546879080348
1403715351.212143183 0.996786952019 3.256173372269 0.038632616401 0.215226519328 -0.789045778376 0.148330523381 0.555951994192
1403715351.562143087 0.903718113899 3.115747928619 0.045785069466 0.209841841937 -0.776091507368 0.155953857040 0.573870157322
1403715351.812143087 0.857788562775 2.985605955124 0.061359036714 0.215816009632 -0.767942213374 0.164525507950 0.580189263971
1403715352.012143135 0.842584848404 2.866897344589 0.083848275244 0.233358218810 -0.767648305454 0.192761083273 0.564892455991
1403715352.362143040 0.824338436127 2.660417079926 0.132459551096 0.263504031602 -0.760574558418 0.228458966559 0.547629918433
1403715352.612143040 0.796201646328 2.531959056854 0.156345441937 0.260145504144 -0.756427507959 0.249715306201 0.545696275705
1403715352.862143040 0.751759707928 2.431000709534 0.173279717565 0.270439703866 -0.745516243071 0.236634443681 0.561312873171
1403715353.112143040 0.715370655060 2.350585699081 0.189132317901 0.271967666475 -0.744511090291 0.237331538339 0.561614017644
1403715353.362143040 0.693940460682 2.295143842697 0.243938848376 0.279979918024 -0.745721273282 0.237696281849 0.555888176022
1403715353.712143183 0.679880559444 2.228323936462 0.265992105007 0.294137289724 -0.742475742131 0.234620884796 0.554225806720
1403715353.962142944 0.676942288876 2.185889244080 0.231562301517 0.299967304335 -0.739573226781 0.236089585406 0.554358394803
1403715354.212143183 0.684373915195 2.142665863037 0.185867056251 0.292138015220 -0.746568798810 0.255922492047 0.540179708560
1403715354.462142944 0.680111587048 2.111796617508 0.146329551935 0.302297436315 -0.746944109281 0.243716821152 0.539715716669
1403715354.712143183 0.663136482239 2.085764884949 0.126739814878 0.304549480966 -0.746684599663 0.239362092924 0.540756332151
1403715354.962142944 0.636435866356 2.059320688248 0.172340810299 0.300308897022 -0.746862683001 0.246936414535 0.539474944572
1403715355.262142897 0.592457652092 2.030403852463 0.253796130419 0.317801677869 -0.738573642303 0.256430577472 0.536427738110
1403715355.512143135 0.552598178387 2.008753061295 0.308241486549 0.360759439874 -0.717310522582 0.281485278432 0.525437565660
1403715355.762142897 0.517339468002 1.984225988388 0.352077275515 0.403024346377 -0.693311442427 0.305676936407 0.513276136277
1403715356.012143135 0.467026740313 1.965592861176 0.390468090773 0.423736972425 -0.684583714354 0.307238468777 0.507342932083
1403715356.362143040 0.423699826002 1.920873165131 0.435831427574 0.424971738177 -0.688768193693 0.282281661739 0.515087029470
1403715356.612143040 0.417544841766 1.856225728989 0.447248041630 0.405952397541 -0.704708415245 0.291598108090 0.503547000721
1403715356.812143087 0.414913475513 1.787662744522 0.451945424080 -0.410806209845 0.696602142377 -0.311564642466 -0.498910070528
1403715357.212143183 0.367977827787 1.629253029823 0.470397323370 -0.473934193344 0.642247884758 -0.366086326560 -0.478419208218
1403715357.462142944 0.324695706367 1.527227759361 0.522116065025 -0.499563356724 0.618052409998 -0.371765607495 -0.479831251158
1403715357.662142992 0.291036576033 1.446364045143 0.563116788864 -0.508964562619 0.614706210842 -0.366861510724 -0.478020978970
1403715357.962142944 0.264241904020 1.309992909431 0.599701941013 -0.516932480814 0.605693162007 -0.354958465038 -0.489817424467
1403715358.262142897 0.284176766872 1.151077151299 0.602023482323 -0.510730059760 0.617000037557 -0.360485627388 -0.478033394084
1403715358.562143087 0.336666136980 0.955582976341 0.595448613167 -0.521920001199 0.602132976294 -0.364522654889 -0.481828347140
1403715358.862143040 0.425409585238 0.737770378590 0.598166882992 -0.522235963500 0.582563008543 -0.407853369578 -0.470686438118
1403715359.112143040 0.494829118252 0.577936828136 0.588188529015 -0.529056899557 0.575063757595 -0.420884134366 -0.460713534773
1403715359.412142992 0.573900043964 0.423501640558 0.577103316784 -0.533435572432 0.569275327494 -0.414556702279 -0.468524251259
1403715359.762142897 0.686472415924 0.294602572918 0.580739378929 -0.531615377723 0.573445224060 -0.406517241062 -0.472535231068
1403715360.012143135 0.784099042416 0.237458720803 0.581615984440 -0.529161509582 0.584014232775 -0.408576720483 -0.460413600053
1403715360.362143040 0.917840778828 0.176717177033 0.592311799526 -0.526725421210 0.591930314559 -0.405752626763 -0.455569607437
1403715360.562143087 0.977127134800 0.152902767062 0.602740943432 -0.497799387432 0.617310338230 -0.410644628416 -0.449994249152
1403715360.762142897 1.003685235977 0.140219032764 0.616136491299 -0.469312640207 0.638515419710 -0.388241122813 -0.470438724219
1403715360.812143087 1.006767630577 0.138326898217 0.622421681881 -0.463050456889 0.643949867790 -0.378202340781 -0.477363604239
1403715361.062143087 1.012285828590 0.134198784828 0.632108449936 0.420755918043 -0.672262080494 0.332562286934 0.510323847308
1403715361.212143183 1.015773892403 0.137199833989 0.650519251823 0.391026017133 -0.692794974775 0.307977898693 0.521807638264
1403715361.262142897 1.013855218887 0.139317750931 0.656907856464 0.381212300936 -0.698877182983 0.300094248901 0.525539430299
1403715361.312143087 1.012209773064 0.142816901207 0.662055552006 0.371915800818 -0.704634137292 0.291879849066 0.529127371839
1403715361.662142992 1.024852275848 0.127722561359 0.670589923859 0.316137270393 -0.732905556723 0.246629688822 0.549618647185
1403715361.912142992 1.051522135735 0.075673177838 0.661513268948 0.283016137237 -0.755412475589 0.223939897464 0.546904988829
1403715362.062143087 1.060111761093 0.040390517563 0.649693548679 0.253984297123 -0.764865535198 0.208486985826 0.554081269875
1403715362.162142992 1.061547636986 0.011995518580 0.644362092018 0.233986880268 -0.772131633218 0.193417596536 0.558258656382
1403715362.362143040 1.065917134285 -0.061509378254 0.633255541325 0.187447081786 -0.786449132246 0.154685728596 0.567832788043
1403715362.562143087 1.064290523529 -0.150641575456 0.626389682293 0.136575770822 -0.799006906864 0.117436615659 0.573710541075
1403715362.712143183 1.058633089066 -0.210580483079 0.618375360966 0.097531474531 -0.806229623710 0.094973872814 0.575727090656
1403715362.762142897 1.055478692055 -0.227388128638 0.616008281708 0.082972471354 -0.807796464268 0.091481391929 0.576377980497
1403715362.812143087 1.053835749626 -0.244623854756 0.614181101322 0.067133324916 -0.809803338913 0.089920977919 0.575869781696
1403715363.112143040 1.040049195290 -0.390586555004 0.627367615700 -0.029660148738 -0.804303365594 0.092119097873 0.586285595810
1403715363.462142944 1.032362580299 -0.432352960110 0.640322446823 -0.086955284218 -0.805685299282 0.050456700569 0.583750074967
1403715364.112143040 1.035473227501 -0.294378221035 0.704669594765 -0.201131913286 -0.787176781047 -0.080753999864 0.577388397266
1403715364.362143040 1.050801157951 -0.250336676836 0.722161531448 -0.241467428231 -0.779421483483 -0.104854279615 0.568507755220
1403715364.562143087 1.069784045219 -0.215927898884 0.737486660480 -0.253513524754 -0.776846298757 -0.105296286788 0.566703997652
1403715364.762142897 1.102631330490 -0.159035384655 0.755691945553 -0.253042593525 -0.773551425042 -0.118611668066 0.568787515105
1403715364.812143087 1.112690329552 -0.145931854844 0.766735672951 -0.252549462805 -0.775125580560 -0.126555985596 0.565139636818
1403715365.062143087 1.169239282608 -0.064207039773 0.806606292725 -0.268381421575 -0.777293911435 -0.154934250480 0.547522679038
1403715365.362143040 1.221897721291 0.009430809878 0.848378062248 -0.298137270883 -0.761801171497 -0.181937263560 0.545593207095
1403715365.712143183 1.281925797462 0.065207839012 0.886239230633 -0.357660187832 -0.735529553500 -0.204199605017 0.537938688038
1403715365.962142944 1.333963394165 0.087236046791 0.902964532375 -0.409583282751 -0.711844637728 -0.221536281460 0.525776126066
1403715366.212143183 1.408204793930 0.112123362720 0.909624397755 -0.437798067432 -0.693866366076 -0.228429744866 0.524120374665
1403715366.512143135 1.538155078888 0.152633696795 0.910989046097 -0.433144087121 -0.699667606136 -0.246520846474 0.511936514507
1403715367.112143040 1.824172616005 0.256822049618 0.919352948666 0.421604214279 0.722327487498 0.234138442744 -0.495653194448
1403715367.462142944 1.962579011917 0.368744373322 0.930806040764 0.418566861057 0.727055666813 0.221291860551 -0.497214189479
1403715367.712143183 2.046757459641 0.485388159752 0.941139757633 0.414506271545 0.729325095347 0.218072724327 -0.498712261203
1403715367.962142944 2.123152971268 0.629585981369 0.957295060158 -0.406128828124 -0.727659653801 -0.226652080522 0.504182521729
1403715368.212143183 2.189074993134 0.778209447861 0.934657871723 -0.407098661500 -0.713622933241 -0.231087305315 0.521163663220
1403715368.412142992 2.255030155182 0.904897034168 0.925710320473 -0.416071335387 -0.706004153889 -0.221065416461 0.528746822339
1403715368.562143087 2.312970161438 1.000583648682 0.912080943584 -0.415690464925 -0.701326817602 -0.224209894061 0.533921398992
1403715368.762142897 2.406120061874 1.131317615509 0.901897490025 -0.408821257191 -0.707582368142 -0.239786845246 0.524113496143
1403715368.862143040 2.453644037247 1.195258617401 0.893771886826 -0.409135697267 -0.709498211965 -0.242401780381 0.520059523142
1403715369.112143040 2.578267335892 1.347448348999 0.875287652016 -0.398054832596 -0.727234833379 -0.228720465295 0.510263466631
1403715369.312143087 2.673828840256 1.466220378876 0.872502863407 -0.369436043462 -0.748742267624 -0.200150417279 0.512681143429
1403715369.562143087 2.772458076477 1.610617041588 0.856899142265 -0.313805107358 -0.770668180714 -0.166565867148 0.529010878431
1403715369.812143087 2.848650693893 1.755546212196 0.846994340420 -0.265252659976 -0.786854356629 -0.141008890119 0.539089969267
1403715370.012143135 2.897179841995 1.877760410309 0.831527709961 -0.242330437125 -0.797890566992 -0.139243599821 0.534095380919
1403715370.162142992 2.919192075729 1.965658307076 0.818613946438 -0.232700471183 -0.798593919014 -0.146193695779 0.535467676752
1403715370.262142897 2.923762559891 2.021228075027 0.812012434006 -0.236228154741 -0.792437644613 -0.141727192835 0.544199098456
1403715370.462142944 2.928594112396 2.126207113266 0.800602376461 -0.249579435810 -0.782338969215 -0.128129055890 0.556092511074
1403715370.662142992 2.930269002914 2.230517864227 0.791649401188 -0.258030460674 -0.778393727444 -0.124603277286 0.558567713417
1403715370.912142992 2.938441514969 2.361951112747 0.784715712070 -0.256218073781 -0.781542928519 -0.134528497731 0.552670889669
1403715371.112143040 2.940837621689 2.468456268311 0.771321415901 -0.259411810690 -0.795454775678 -0.135387361372 0.530685938783
1403715371.362143040 2.915189981461 2.607686281204 0.754820108414 -0.258580885344 -0.804906904692 -0.135811876863 0.516542146435
1403715371.662142992 2.832343339920 2.794454813004 0.734071016312 -0.264041753690 -0.783864208023 -0.125438916081 0.547817759567
1403715371.962142944 2.744817495346 3.004093408585 0.702954232693 -0.260365002464 -0.783357231302 -0.129860505289 0.549270315992
1403715372.262142897 2.663884639740 3.225168228149 0.673778831959 -0.251990586070 -0.782019778537 -0.136695418679 0.553407831673
1403715372.562143087 2.589878797531 3.455289602280 0.689444959164 -0.219696266983 -0.788537065698 -0.118247664049 0.562103602026
1403715372.862143040 2.514677762985 3.668471097946 0.715506136417 -0.206135328332 -0.790245165023 -0.107598782141 0.566959663218
1403715373.212143183 2.431512832642 3.914098978043 0.731095135212 -0.211487302203 -0.788776395960 -0.094173371523 0.569417630284
1403715373.462142944 2.378924846649 4.089614391327 0.738898217678 -0.210658764456 -0.788880762811 -0.102595167866 0.568123542387
1403715373.812143087 2.299349546432 4.304553031921 0.734243929386 -0.167077471062 -0.796973714229 -0.103243757386 0.571190667441
1403715374.062143087 2.236233711243 4.424319744110 0.734278619289 -0.117672161268 -0.804142689969 -0.058435344933 0.579735580928
1403715374.362143040 2.160216569901 4.528503417969 0.740694582462 -0.046198750350 -0.811557741109 -0.005053576521 0.582420986694
1403715374.612143040 2.097936630249 4.597116470337 0.736362040043 -0.007987044376 -0.822234605776 0.016171533753 0.568862882091
1403715374.862143040 2.014630556107 4.659075737000 0.738275825977 -0.001079343355 -0.825799401255 0.021730650468 0.563544442833
1403715375.162142992 1.874959945679 4.693423748016 0.741919994354 -0.005448477498 -0.817424517799 0.015276712102 0.575807494985
1403715375.462142944 1.727510333061 4.682947635651 0.731524050236 -0.023002403188 -0.817338604435 0.009854499151 0.575614057876
1403715375.812143087 1.544607877731 4.649667739868 0.719014167786 -0.037007917393 -0.816593171046 0.004156404369 0.576011337933
1403715376.312143087 1.300882220268 4.571139812469 0.673589825630 -0.040559821323 -0.806880613346 0.012881183872 0.589179827442
1403715376.912142992 1.115549445152 4.415288925171 0.590617001057 -0.022260739701 -0.799603455860 0.012956248700 0.599975871555
1403715377.212143183 1.101836919785 4.339689254761 0.568402826786 -0.010252538777 -0.799787423227 0.021329412289 0.599816569214
1403715377.512143135 1.081564545631 4.183763504028 0.562775850296 -0.013038995574 -0.798932043005 0.020499835377 0.600930327632
1403715377.762142897 1.103817462921 4.100911140442 0.577854990959 -0.010416274016 -0.804173209534 0.025895514924 0.593739314987
1403715378.112143040 1.150632619858 3.882077455521 0.560578525066 -0.016561015180 -0.803531937168 0.030162923356 0.594266177724
1403715378.362143040 1.189284563065 3.739636898041 0.545639514923 -0.022902167941 -0.806697762069 0.045938625502 0.588730829498
1403715378.612143040 1.250472187996 3.617818832397 0.537772595882 -0.018087385989 -0.815659761442 0.037703188584 0.577018871707
1403715378.862143040 1.301611065865 3.514706373215 0.536645531654 -0.016122411432 -0.824065979954 0.035025427069 0.565180418844
1403715379.112143040 1.327414751053 3.419104337692 0.554689645767 -0.015252738376 -0.825105466886 0.033891158419 0.563755105391
1403715379.362143040 1.329239845276 3.331082820892 0.572575330734 -0.005696658327 -0.819632696641 0.019032917604 0.572544823978
1403715379.612143040 1.316970705986 3.224518775940 0.589736878872 -0.000459172938 -0.821518074146 0.012619142042 0.570042761937
1403715379.862143040 1.284034013748 3.091629981995 0.615856051445 0.002644743638 -0.818770728433 0.008014846200 0.574058438974
1403715380.162142992 1.231664538383 2.906254053116 0.653797030449 -0.003433492420 -0.808134794827 0.014534411362 0.588808331941
1403715380.412142992 1.194796204567 2.729649543762 0.676317036152 -0.013036310493 -0.809531240159 0.024168577679 0.586434592150
1403715380.662142992 1.166424155235 2.554369688034 0.696903705597 -0.008843543436 -0.807908484950 0.022444869702 0.588814076675
1403715380.912142992 1.135305285454 2.387735366821 0.726997613907 -0.005775102591 -0.805642566618 0.025974161880 0.591804101478
1403715381.112143040 1.124718785286 2.240953683853 0.748668551445 -0.007730509153 -0.804448727175 0.027113938789 0.593352674254
1403715381.362143040 1.116789937019 2.050686836243 0.780086934566 -0.021217669920 -0.803412169937 0.032983527277 0.594130344039
1403715381.612143040 1.122413635254 1.867313265800 0.797495722771 -0.027014456464 -0.801469490587 0.024263896025 0.596932359256
1403715381.912142992 1.148038387299 1.661834359169 0.795969247818 -0.022857305448 -0.816940844610 0.007762866017 0.576216330672
1403715382.212143183 1.157408952713 1.445471882820 0.798839867115 -0.064259449619 -0.820170014713 -0.016636803633 0.568256336061
1403715382.512143135 1.126711249352 1.220211267471 0.806206285954 -0.124762611280 -0.811727614963 -0.053810703992 0.568011416600
1403715382.812143087 1.063484072685 1.014835119247 0.810602664948 -0.166645782234 -0.806265185107 -0.084428606010 0.561282117653
1403715383.112143040 0.969018816948 0.828073620796 0.802072644234 -0.219146849049 -0.799993334656 -0.106033975213 0.548399897316
1403715383.412142992 0.846930027008 0.670999944210 0.787133812904 -0.243555308164 -0.790574936698 -0.105612689380 0.551831637145
1403715383.812143087 0.661005496979 0.539628088474 0.784860134125 -0.274185543040 -0.772881132727 -0.131601647515 0.556918322578
1403715384.862143040 0.313249886036 0.417829990387 0.771768927574 0.495806117592 0.677371050000 0.267636666971 -0.472985742960
1403715385.112143040 0.273164689541 0.445848554373 0.778326392174 0.516682902142 0.658557976597 0.293977498283 -0.461429701383
1403715385.462142944 0.230339154601 0.527282238007 0.797145903111 0.532262155418 0.645955834897 0.316503842969 -0.446389277370
1403715385.712143183 0.203190267086 0.601675927639 0.815938532352 0.541588137834 0.633875755522 0.303563466997 -0.461230006136
1403715386.012143135 0.208954870701 0.705828785896 0.849757671356 0.529102910785 0.630480616058 0.315611283827 -0.472158836440
1403715386.262142897 0.244592279196 0.784551024437 0.872292995453 0.521406424333 0.636741064052 0.326689618745 -0.464725987872
1403715386.612143040 0.308750838041 0.862231492996 0.882231295109 0.525226785136 0.627721775670 0.326412027999 -0.472818629361
1403715386.912142992 0.397937148809 0.894674956799 0.866234302521 0.541593688158 0.623162130380 0.299408035072 -0.478226092704
1403715387.212143183 0.544112741947 0.921799182892 0.832145929337 0.538842868574 0.632818242624 0.300778794243 -0.467676745904
1403715387.462142944 0.705237567425 0.952947497368 0.794994115829 0.528742354622 0.640746500179 0.310352534002 -0.462122160668
1403715387.862143040 0.985229551792 1.023580431938 0.801999330521 0.527600504610 0.657069604817 0.291859806346 -0.452454640782
1403715388.162142992 1.195952415466 1.117466688156 0.804398894310 0.520813278366 0.658752439286 0.290344561555 -0.458801514176
1403715388.512143135 1.435275793076 1.254812479019 0.705602765083 0.508929128777 0.656690507874 0.302858753311 -0.466931832838
1403715388.812143087 1.638330221176 1.384086966515 0.618791759014 0.506569791608 0.655672894624 0.303132724030 -0.470734221870
1403715389.212143183 1.895986914635 1.566245317459 0.584992051125 0.496946572559 0.659986576447 0.309221037206 -0.471003450644
1403715389.562143087 2.101375102997 1.714974522591 0.602160453796 0.489955176459 0.665050912603 0.311518316586 -0.469688818427
1403715390.012143135 2.319576501846 1.892789363861 0.592146992683 0.460852160998 0.693276773825 0.270844830071 -0.483348455972
1403715390.462142944 2.487801313400 2.101141214371 0.550335764885 0.382923018113 0.747124429376 0.229025727160 -0.492668496225
1403715390.912142992 2.535374879837 2.338739395142 0.500331044197 -0.316101314855 -0.773066220371 -0.181673448839 0.519079564151
1403715391.712143183 2.415923595428 2.861791849136 0.432584524155 -0.285835623927 -0.778557582645 -0.129089489523 0.543582692660
1403715392.012143135 2.351286649704 3.123749256134 0.482519626617 -0.251479187634 -0.789771507559 -0.128072341587 0.544625505912
1403715392.312143087 2.273956060410 3.412983417511 0.552968204021 -0.232128449545 -0.796411789408 -0.114410872276 0.546585006120
1403715392.662142992 2.154568195343 3.741649150848 0.616156101227 -0.169273178952 -0.786730256880 -0.088915151125 0.586938086350
1403715392.912142992 2.088405370712 3.949306488037 0.638377487659 -0.117794809239 -0.802374217035 -0.055434971837 0.582449282865
1403715393.262142897 1.993933916092 4.172606945038 0.653310716152 -0.031805160154 -0.812566399488 -0.014133978567 0.581828747795
1403715393.512143135 1.933588147163 4.299245357513 0.650620102882 0.041637364094 -0.803724191143 0.021432523633 0.593156379798
1403715393.762142897 1.883497238159 4.368866443634 0.646852850914 0.102218476936 -0.796312645265 0.075460337262 0.591390993030
1403715394.012143135 1.847017288208 4.409258842468 0.643548071384 0.157328987772 -0.791110686351 0.130872915172 0.576423357376
1403715394.362143040 1.806501746178 4.431524753571 0.628077268600 0.248347344236 -0.762345695526 0.192631849608 0.565725588416
1403715394.662142992 1.798210382462 4.432263374329 0.623464643955 0.329366472224 -0.722888446603 0.243833276836 0.556323141610
1403715395.012143135 1.831396341324 4.423224925995 0.615673363209 0.428192080212 -0.680738244326 0.307559086461 0.508580937715
1403715395.312143087 1.887723207474 4.401778221130 0.605730772018 -0.506781917347 0.629307973250 -0.355779891268 -0.469642770918
1403715395.612143040 1.954487681389 4.361370563507 0.576403021812 -0.559309389793 0.587663237523 -0.390198235533 -0.435396733843
1403715395.962142944 2.041280984879 4.288943290710 0.525760769844 0.594827862586 -0.553914047724 0.415824709563 0.407981441607
1403715396.162142992 2.086737871170 4.236588478088 0.496977984905 0.588767137398 -0.556232994842 0.435151983451 0.393193197409
1403715396.412142992 2.117419719696 4.164581775665 0.472181797028 0.590308222042 -0.548651560752 0.427352217799 0.409741065649
1403715396.662142992 2.139982700348 4.096076965332 0.448671132326 0.601185488531 -0.533164209814 0.424102954093 0.417670588178
1403715397.062143087 2.196884870529 3.995496749878 0.391822069883 0.626436281928 -0.526666975482 0.425238904762 0.386485932692
1403715397.312143087 2.233325242996 3.909333229065 0.345669299364 0.626754038387 -0.535195632141 0.434600615487 0.363135330887
1403715397.562143087 2.250506639481 3.785135269165 0.307248413563 0.622015754173 -0.538121347692 0.445206408426 0.353995887048
1403715397.862143040 2.230033159256 3.592920780182 0.295130968094 0.615070968453 -0.526035309269 0.455149270424 0.371232731645
1403715398.162142992 2.175966501236 3.398577213287 0.299434006214 0.605705347287 -0.507391621987 0.461882045887 0.402914035619
1403715398.412142992 2.125303268433 3.266892910004 0.284728139639 0.606277161474 -0.510931892144 0.453970272861 0.406555776191
1403715398.712143183 2.069868803024 3.151221275330 0.263738006353 0.604172068742 -0.508529000721 0.444326437826 0.423022944275
1403715399.062143087 2.045766830444 3.092154264450 0.247934237123 0.603992819781 -0.498799560277 0.438692174916 0.440387331676
1403715399.362143040 2.079644918442 3.118541479111 0.236806631088 0.607516023877 -0.503291221281 0.442635427767 0.426258186640
1403715399.612143040 2.134658098221 3.180892229080 0.224970102310 0.619255157611 -0.512508375053 0.427155409082 0.414000563592
1403715399.912142992 2.236615657806 3.260565996170 0.217947080731 0.623835165131 -0.532911338239 0.413840239041 0.394425565964
1403715400.312143087 2.414197444916 3.308380365372 0.238942638040 0.599029769559 -0.554763917332 0.386958046574 0.428560283420
1403715400.662142992 2.633131742477 3.294679641724 0.255388736725 -0.539119919706 0.614295071949 -0.355772005726 -0.453230124944
1403715400.912142992 2.810904741287 3.250627517700 0.252858459949 -0.476892097465 0.666313448791 -0.336499101563 -0.464078442129
1403715401.262142897 3.032465696335 3.131586074829 0.251241505146 -0.440074351530 0.698767023310 -0.309211758133 -0.471643305158
1403715401.612143040 3.196359395981 2.933745145798 0.283987998962 -0.425249162777 0.692854883113 -0.316615716298 -0.488743136290
1403715401.912142992 3.290846586227 2.734413862228 0.326259315014 0.392448587676 -0.693488950443 0.334075864428 0.503438359022
1403715402.162142992 3.337826251984 2.583416223526 0.358937025070 0.394500483493 -0.681142553724 0.324157879010 0.524724822077
1403715402.412142992 3.381443262100 2.452239036560 0.381640911102 0.384892368118 -0.681288398375 0.309158702438 0.540485955974
1403715402.612143040 3.424344301224 2.362299203873 0.392682284117 0.369329345941 -0.684682928431 0.284276022845 0.560350102768
1403715402.812143087 3.494750738144 2.275990724564 0.401282101870 0.350839153225 -0.695335816524 0.284267676796 0.559117201986
1403715403.162142992 3.640863180161 2.135967254639 0.408536136150 0.331264453463 -0.731661744413 0.293742328733 0.518315552855
1403715403.412142992 3.708349466324 2.036713123322 0.430640816689 0.332767878543 -0.734248414063 0.284051607849 0.519095090759
1403715403.562143087 3.728071928024 1.969112753868 0.446038514376 0.320598085785 -0.736855949959 0.276319228720 0.527169442509
1403715403.612143040 3.729677915573 1.948616266251 0.451622158289 0.314492228672 -0.739517750910 0.271827907309 0.529450232470
1403715403.862143040 3.724526882172 1.830477833748 0.473915845156 0.268836891684 -0.764376376156 0.249360119370 0.530353785938
1403715404.112143040 3.677814960480 1.704283952713 0.504368603230 0.219445146693 -0.777472835252 0.218716594737 0.547305060633
1403715404.412142992 3.582240343094 1.541984081268 0.544053494930 0.186321333479 -0.778499453900 0.168935237602 0.575051449982
1403715404.662142992 3.506019830704 1.380533933640 0.564523756504 0.172350744589 -0.776482147368 0.161570865099 0.584179306668
1403715404.962142944 3.429369211197 1.163670182228 0.574025690556 0.144869292614 -0.778184584090 0.170659337769 0.586785459472
1403715405.162142992 3.382949113846 1.030956149101 0.573172390461 0.101327574713 -0.784353948954 0.161285501997 0.590346210773
1403715405.462142944 3.326577425003 0.876236140728 0.565899252892 0.019871589121 -0.803607548482 0.110722442086 0.584431996600
1403715405.712143183 3.276964664459 0.778833746910 0.555501937866 -0.039376835783 -0.814956338428 0.051710056780 0.575866204339
1403715406.012143135 3.200063467026 0.679342031479 0.541343927383 -0.111176867144 -0.814960691514 -0.007559757320 0.568701559142
1403715406.362143040 3.089362859726 0.569353878498 0.507236897945 -0.203671249059 -0.798040435375 -0.064458213340 0.563466757915
1403715406.662142992 2.992355346680 0.495048642159 0.458068847656 -0.278987241262 -0.785645461974 -0.098229444192 0.543395238553
1403715407.012143135 2.882442712784 0.460240393877 0.398411482573 -0.344631115012 -0.761806425668 -0.158020147070 0.525271242610
1403715407.212143183 2.821560382843 0.459364384413 0.369202703238 -0.380973924024 -0.753463223051 -0.180202526079 0.504657547537
1403715407.412142992 2.756334304810 0.479081809521 0.343526184559 0.400466930637 0.753732162102 0.190622710487 -0.484950576555
1403715407.462142944 2.737025022507 0.488656699657 0.343660831451 0.402142843886 0.753030250750 0.193021746722 -0.483703625875
1403715407.712143183 2.629366397858 0.548229753971 0.311244547367 0.393201981274 0.746611188540 0.216057000639 -0.491205964693
1403715407.962142944 2.498862743378 0.625729322433 0.296817660332 0.381946657178 0.743906672689 0.228591736528 -0.498463127709
1403715408.212143183 2.305920600891 0.682855129242 0.327143132687 -0.386936643035 -0.737203195472 -0.224901364815 0.506192454847
1403715408.562143087 2.128163576126 0.812138319016 0.371523469687 -0.369103760735 -0.730755061293 -0.220587188942 0.530189247544
1403715409.012143135 1.885376214981 0.909492135048 0.330917775631 -0.279998542581 -0.750482091903 -0.173745461290 0.572878636196
1403715409.362143040 1.779729843140 0.942672908306 0.355398416519 -0.223229661081 -0.771116071934 -0.117067177131 0.584673860443
1403715409.662142992 1.734799146652 0.967382609844 0.411889404058 -0.207420486370 -0.781653270067 -0.121555017055 0.575516525241
1403715409.912142992 1.717238306999 0.986569166183 0.467901051044 -0.222821940840 -0.796921907482 -0.119304187943 0.548664258610
1403715410.162142992 1.678273439407 1.012582778931 0.532032608986 -0.233161858026 -0.795283737352 -0.122876465385 0.545949145369
1403715410.512143135 1.584049940109 1.045959830284 0.543239593506 -0.229501482066 -0.785269117548 -0.137957001744 0.558255713557
1403715410.812143087 1.496787428856 1.062290549278 0.533268272877 -0.223233398878 -0.779001864231 -0.138974797510 0.569217735047
1403715411.162142992 1.406443238258 1.043442487717 0.512402713299 -0.220913175884 -0.781720396759 -0.121677145318 0.570355570486
1403715411.462142944 1.354441523552 1.019316673279 0.498372673988 -0.221655919145 -0.773586051829 -0.105560205020 0.584200541571
1403715412.062143087 1.343829035759 0.982394814491 0.465809077024 -0.209727507404 -0.782419116720 -0.106952343022 0.576537817786
1403715412.512143135 1.384431242943 0.952344655991 0.440346866846 -0.211998723140 -0.788271516674 -0.105575614387 0.567924831534
1403715412.562143087 1.386618494987 0.947618901730 0.432354092598 -0.212484152631 -0.788836270987 -0.105801001018 0.566916039032
1403715413.012143135 1.417886018753 0.927665710449 0.421156913042 -0.211299915500 -0.791807864551 -0.109397983218 0.562516503622
1403715413.062143087 1.417078733444 0.922841846943 0.414977043867 -0.210619342961 -0.790732151541 -0.111567665136 0.563857308576
1403715413.362143040 1.426432371140 0.914498150349 0.344317942858 -0.210942319495 -0.786355577582 -0.109194898577 0.570285006083
1403715413.662142992 1.437101006508 0.904147863388 0.266452580690 -0.211821160722 -0.784052130741 -0.107868367043 0.573374750773
1403715413.862143040 1.453036785126 0.902933120728 0.224404036999 -0.206968195908 -0.785613236556 -0.116343200777 0.571349735788
1403715414.262142897 1.486906409264 0.884050428867 0.173591256142 -0.209709763766 -0.795953464375 -0.114251933871 0.556261267977
1403715414.812143087 1.452666282654 0.845490157604 0.171075507998 -0.214158177551 -0.787979599164 -0.111477049191 0.566390043882
1403715415.062143087 1.422249794006 0.825767934322 0.126578524709 -0.233845287581 -0.778704567575 -0.091626776723 0.574926310202
1403715415.662142992 1.427585124969 0.857841134071 -0.021313374862 -0.221025996456 -0.774443042898 -0.136714593496 0.576797200972
1403715415.712143183 1.435041904449 0.858109652996 -0.032633181661 -0.221367332007 -0.774396074721 -0.137850542559 0.576458691476
1403715416.812143087 1.500260114670 0.878928184509 -0.099004626274 -0.218773022231 -0.771483438542 -0.135504064568 0.581885124271
