1403715525.412142992 -0.638882040977 -1.404616832733 0.780207395554 0.067169696370 -0.802023430808 0.029684189024 0.592761019179
1403715526.262142897 -0.638736605644 -1.400994658470 0.777393221855 0.071585200358 -0.801806207364 0.032416706866 0.592394775411
1403715526.362143040 -0.638891518116 -1.400241136551 0.774839460850 0.071248425988 -0.801768365360 0.031908570462 0.592514119624
1403715526.462142944 -0.638687074184 -1.399970531464 0.772276937962 0.071345001524 -0.801649074429 0.031771901916 0.592671456276
1403715526.512143135 -0.638782083988 -1.399379014969 0.769768774509 0.071430519390 -0.801447676304 0.031550735852 0.592945055180
1403715526.562143087 -0.638654589653 -1.398605823517 0.767181932926 0.071362166279 -0.801346308192 0.031232599537 0.593107383967
1403715526.662142992 -0.638737320900 -1.397981047630 0.764548778534 0.071248222458 -0.801237871161 0.030785274338 0.593290665788
1403715527.062143087 -0.639411449432 -1.397591114044 0.762017786503 0.071321633919 -0.801365955304 0.029800950734 0.593159300201
1403715527.162142992 -0.639141321182 -1.396616101265 0.759412109852 0.071395333066 -0.801240072760 0.029769600148 0.593321953373
1403715527.312143087 -0.639192581177 -1.396317839622 0.757188439369 0.071562465279 -0.801029236844 0.029654791993 0.593592208676
1403715527.512143135 -0.640859067440 -1.395478725433 0.755028724670 0.072585890744 -0.800674862209 0.030834037918 0.593886102587
1403715527.612143040 -0.641458749771 -1.395124197006 0.753006041050 0.072356819300 -0.800709060121 0.030856203826 0.593866581514
1403715527.812143087 -0.642963409424 -1.395641326904 0.751091182232 0.071705080883 -0.800429055916 0.030540384648 0.594338978218
1403715528.112143040 -0.646585345268 -1.396281957626 0.748811542988 0.071780056134 -0.800030178334 0.030245308632 0.594882205585
1403715528.262142897 -0.648153603077 -1.396335124969 0.747399032116 0.071659672808 -0.800071126362 0.028685878256 0.594918957488
1403715528.562143087 -0.654060304165 -1.406934618950 0.772281646729 0.066497795095 -0.810186228777 0.030281195907 0.581600772474
1403715528.712143183 -0.662141799927 -1.418730497360 0.804308533669 0.061571838785 -0.806559964000 0.032773181826 0.587022806208
1403715528.762142897 -0.663820862770 -1.415010929108 0.789361834526 0.059630499910 -0.805566985947 0.034011563592 0.588514700134
1403715528.862143040 -0.670867323875 -1.423766851425 0.809717655182 0.058910152334 -0.802830245361 0.033324390865 0.592353615574
1403715529.012143135 -0.680490672588 -1.449478507042 0.861978292465 0.058739041395 -0.801657065278 0.034686612889 0.593879434632
1403715529.062143087 -0.679520905018 -1.450034737587 0.849217593670 0.058941321812 -0.800503429443 0.041444042762 0.594981253323
1403715529.212143183 -0.686585247517 -1.490422010422 0.931388378143 0.072257618904 -0.798727864677 0.056352703068 0.594673924865
1403715529.262142897 -0.687597572803 -1.491674661636 0.935737788677 0.078712190096 -0.798257853141 0.063348916816 0.593780968511
1403715529.312143087 -0.689774811268 -1.491247534752 0.938265979290 0.086287524387 -0.798298070023 0.070085960881 0.591914640487
1403715529.462142944 -0.702343761921 -1.527305126190 1.009027600288 0.112618029230 -0.797274737348 0.082299307469 0.587279575675
1403715529.512143135 -0.704235434532 -1.535823941231 1.006613492966 0.118249887180 -0.795436281086 0.085625532318 0.588189052485
1403715529.662142992 -0.723394870758 -1.578364849091 1.048417687416 0.132696971421 -0.791566824807 0.093470273709 0.589132290407
1403715529.712143183 -0.729086518288 -1.581856727600 1.044169783592 0.137648929044 -0.789626270273 0.093887079304 0.590532450262
1403715529.862143040 -0.750154554844 -1.625920891762 1.084269762039 0.145625421246 -0.786820091023 0.098291700043 0.591647163817
1403715529.912142992 -0.758352994919 -1.637308359146 1.088696241379 0.146080692726 -0.785461839408 0.100986421508 0.592884581200
1403715529.962142944 -0.763973116875 -1.651902318001 1.097934007645 0.146424830078 -0.784295502045 0.102515786702 0.594079911029
1403715530.112143040 -0.783916175365 -1.696600556374 1.144756793976 0.152031456728 -0.773996313992 0.097977200861 0.606808591999
1403715530.162142992 -0.788229465485 -1.717667818069 1.159678936005 0.153706164688 -0.773333402545 0.094778508962 0.607739006983
1403715530.312143087 -0.798976600170 -1.770947098732 1.225762367249 0.158647677690 -0.778683131226 0.084441788813 0.601126649183
1403715530.362143040 -0.796133756638 -1.794719219208 1.255359411240 0.156576181594 -0.780069299276 0.086344713963 0.599600155042
1403715530.462142944 -0.792045295238 -1.836297512054 1.320672154427 0.154711087004 -0.782342558388 0.094011643021 0.595958483011
1403715530.612143040 -0.785226285458 -1.915517091751 1.410724401474 0.162257142701 -0.782243869279 0.104243467523 0.592368460487
1403715530.762142897 -0.778226137161 -2.002245187759 1.479255318642 0.170430682287 -0.779228927643 0.115992874347 0.591862725223
1403715530.812143087 -0.774069607258 -2.030922889709 1.508882761002 0.174817921497 -0.777161977288 0.122426807272 0.592004931422
1403715531.062143087 -0.757803678513 -2.172170639038 1.608110785484 0.195877298601 -0.777720447181 0.143429652317 0.579837087523
1403715531.212143183 -0.757186651230 -2.259301424026 1.661034584045 0.200897842470 -0.793169521578 0.153940551354 0.553917659540
1403715531.312143087 -0.762993752956 -2.322525739670 1.694703459740 0.192679335094 -0.787611816427 0.172698642570 0.559211529389
1403715531.562143087 -0.816252768040 -2.467884302139 1.787659287453 0.186875485033 -0.765433530347 0.183241076544 0.587887801991
1403715531.662142992 -0.845401942730 -2.512126922607 1.802324652672 0.184989342172 -0.766112360010 0.187067420410 0.586392934548
1403715531.762142897 -0.882995128632 -2.558175325394 1.805665850639 0.189219175790 -0.764217859286 0.178511642210 0.590170154196
1403715531.812143087 -0.897435009480 -2.577169179916 1.814031481743 0.190695766515 -0.759973274223 0.174390651894 0.596375657962
1403715532.212143183 -1.012397170067 -2.712589979172 1.841587662697 0.207431024874 -0.739542067793 0.152162694408 0.622009993044
1403715532.412142992 -1.037386775017 -2.764290332794 1.835494518280 0.210955076846 -0.741921452306 0.166614053400 0.614239757618
1403715532.462142944 -1.041387796402 -2.772040367126 1.831267595291 0.214733378274 -0.742427860061 0.168460787387 0.611810128560
1403715532.612143040 -1.083725214005 -2.780698537827 1.883780121803 0.213700034571 -0.748076948949 0.187141059899 0.599742731679
1403715532.662142992 -1.117941379547 -2.764398813248 1.937428712845 0.215560051485 -0.749627487359 0.194940721063 0.594635034042
1403715532.762142897 -1.104974150658 -2.762365818024 1.891798615456 0.212538573498 -0.747075080867 0.206477643026 0.595040665913
1403715532.862143040 -1.097243070602 -2.745038986206 1.848574876785 0.209662173137 -0.745301799645 0.211426896614 0.596544625063
1403715532.962142944 -1.047894477844 -2.775533914566 1.688939213753 0.196278250236 -0.745631349301 0.208814355958 0.601585626158
1403715533.062143087 -0.995526075363 -2.794643878937 1.518927931786 0.179194124995 -0.747332577618 0.198295702994 0.608327533883
1403715533.212143183 -1.038784503937 -2.699357509613 1.526461958885 0.150879688241 -0.748890858989 0.174199987178 0.621330929700
1403715533.262142897 -1.066199064255 -2.651108503342 1.563347578049 0.141768020208 -0.748443601727 0.166331664661 0.626153340723
1403715533.312143087 -1.092565655708 -2.598567485809 1.600966572762 0.134737970409 -0.748448213054 0.157280539202 0.630026899905
1403715533.512143135 -1.117126703262 -2.425362348557 1.626481533051 0.093866618112 -0.769893965284 0.136061337865 0.616392341670
1403715533.712143183 -1.112451076508 -2.201558589935 1.681774020195 0.058163324904 -0.785151624200 0.151234689491 0.597730675595
1403715533.912142992 -1.115376114845 -1.935562252998 1.771412134171 0.059477314563 -0.792902820591 0.136427750451 0.590893606889
1403715533.962142944 -1.118816614151 -1.851611137390 1.802583456039 0.062929567563 -0.793843936460 0.130491996255 0.590613109731
1403715534.212143183 -1.137998580933 -1.472810983658 1.838566780090 0.082192824065 -0.792458123156 0.096783390859 0.596563043759
1403715534.712143183 -1.218600630760 -0.734442353249 1.753173351288 0.056397504433 -0.799902572569 0.049634729608 0.595408713959
1403715534.812143087 -1.235228896141 -0.593426823616 1.722232937813 0.035048835197 -0.807051496632 0.033394944643 0.588493336041
1403715534.862143040 -1.245944976807 -0.525278389454 1.706939697266 0.023630581633 -0.810697159150 0.023826682458 0.584503376981
1403715534.912142992 -1.257953643799 -0.458985447884 1.689936876297 0.011472277226 -0.813623975674 0.014530129289 0.581096660476
1403715534.962142944 -1.269881248474 -0.392725050449 1.675777912140 -0.000319106851 -0.815780506205 0.004926600478 0.578340799419
1403715535.162142992 -1.332329869270 -0.136965185404 1.617727756500 -0.041372202766 -0.826064153319 -0.023021575369 0.561584197364
1403715535.312143087 -1.404299974442 0.042231276631 1.576544523239 -0.060041245927 -0.834136475489 -0.029498530546 0.547486399434
1403715535.412142992 -1.462892055511 0.153550878167 1.556195139885 -0.073027865055 -0.833844279629 -0.023332758930 0.546650288600
1403715535.662142992 -1.658187508583 0.443734973669 1.516614913940 -0.081127264253 -0.811999133497 -0.005350991121 0.577968157293
1403715535.912142992 -1.887820363045 0.726252257824 1.467564702034 -0.031164468389 -0.808193877454 -0.009887264649 0.588008165491
1403715536.162142992 -2.133464336395 0.992654442787 1.426964759827 0.016966019045 -0.821015464859 0.007857694805 0.570599816729
1403715536.312143087 -2.299405813217 1.137013196945 1.405236721039 0.040738942591 -0.824852856630 0.006328598280 0.563842053278
1403715536.362143040 -2.354114055634 1.182426333427 1.410404443741 0.050029880073 -0.822368663735 0.003636025712 0.566739589339
1403715536.612143040 -2.664482116699 1.350404858589 1.412020444870 0.074868976043 -0.805544944192 -0.016549836748 0.587552616624
1403715537.012143135 -3.141793966293 1.431527853012 1.465086340904 0.098238994377 -0.753795365776 -0.027727657193 0.649132336192
1403715537.112143040 -3.230830192566 1.404287338257 1.482725143433 0.102177605933 -0.734927794031 -0.033735290309 0.669554350999
1403715537.162142992 -3.264705419540 1.390110850334 1.491869091988 0.103108504318 -0.724340293961 -0.035880880835 0.680744010466
1403715537.212143183 -3.293785095215 1.370499968529 1.501222252846 0.102339991678 -0.714949422011 -0.035924531188 0.690712158431
1403715537.312143087 -3.330529689789 1.311016082764 1.515814065933 0.092059003803 -0.703580559903 -0.020374686979 0.704332670971
1403715537.362143040 -3.341613292694 1.277261495590 1.503206372261 0.081714501984 -0.706162178013 -0.005566731489 0.703297061737
1403715537.412142992 -3.344252109528 1.239089131355 1.499410271645 0.071516676031 -0.715799772252 0.008649777730 0.694579920576
1403715537.462142944 -3.335763931274 1.191502690315 1.516550779343 0.061208057500 -0.728261618509 0.021877398776 0.682209638844
1403715537.562143087 -3.296833515167 1.125576615334 1.534500837326 0.046661624328 -0.758773758833 0.041664521868 0.648343587877
1403715537.612143040 -3.270979642868 1.087039709091 1.550771474838 0.040915188796 -0.770693374472 0.049634469448 0.633951310373
1403715537.662142992 -3.240380764008 1.049679517746 1.573522210121 0.036315164869 -0.778659168708 0.054858007857 0.623988369955
1403715537.762142897 -3.182108879089 0.963807582855 1.620704054832 0.029372264597 -0.775215149323 0.060456809870 0.628111363614
1403715537.812143087 -3.159346580505 0.920249700546 1.626525759697 0.026990907848 -0.769904560367 0.061948862138 0.634571471232
1403715537.862143040 -3.127594470978 0.893799960613 1.617976784706 0.026160497579 -0.765773936106 0.061272322994 0.639649619764
1403715537.962142944 -3.061510086060 0.823718369007 1.650483012199 0.026336512055 -0.763529724297 0.060257709494 0.642415631976
1403715538.162142992 -2.914691925049 0.702894806862 1.669452667236 0.013877724318 -0.778488027034 0.065057796345 0.624124417321
1403715538.262142897 -2.839868307114 0.641206622124 1.672000646591 -0.000564335606 -0.785607045129 0.060207769163 0.615789326651
1403715538.512143135 -2.611099958420 0.573047935963 1.625520467758 -0.031085698648 -0.766670221031 0.017637184786 0.641045682297
1403715538.762142897 -2.355755090714 0.509143531322 1.591410994530 -0.077287165645 -0.762207774223 -0.037486766109 0.641607818689
1403715538.962142944 -2.108425378799 0.465770632029 1.531985998154 -0.139123010578 -0.774049633596 -0.078812820513 0.612601474462
1403715539.462142944 -1.476240873337 0.356815636158 1.294774532318 -0.316919434212 -0.748759823646 -0.183652423385 0.552442571360
1403715539.712143183 -1.196838617325 0.281777262688 1.186652064323 -0.380177029608 -0.722073926639 -0.190277576369 0.545774353611
1403715539.862143040 -1.063539266586 0.237993016839 1.179467439651 -0.383497368353 -0.719532235529 -0.194785611343 0.545217345060
1403715539.912142992 -1.000400543213 0.231680586934 1.179656505585 -0.382185896837 -0.723809578666 -0.191659691658 0.541571974883
1403715539.962142944 -0.937058568001 0.227561056614 1.182458639145 -0.383465012841 -0.726715725303 -0.184539529575 0.539244109812
1403715540.312143087 -0.593735814095 0.250799059868 1.273037314415 -0.386809790837 -0.748055730075 -0.146763777124 0.518894098847
1403715540.512143135 -0.421711593866 0.344334930182 1.326279878616 -0.364425491691 -0.761593873578 -0.169450883334 0.508385221593
1403715540.862143040 -0.213231801987 0.594167232513 1.374005794525 0.382142237506 0.762978853963 0.158340099136 -0.496748564932
1403715541.262142897 -0.086194321513 1.033735513687 1.429822325706 -0.387602354683 -0.734238351472 -0.170945400489 0.530505767003
1403715541.362143040 -0.070105597377 1.171298384666 1.432705521584 -0.388071682110 -0.725767160810 -0.178202095193 0.539357828359
1403715541.412142992 -0.067537821829 1.240929245949 1.433226108551 -0.386422793014 -0.725188932052 -0.184311405737 0.539266048577
1403715541.462142944 -0.059644829482 1.309438228607 1.434529185295 -0.385388141930 -0.728338560054 -0.189069543566 0.534089738152
1403715541.562143087 -0.044657662511 1.457730293274 1.430991172791 -0.383622679834 -0.739683811747 -0.193008954793 0.518121067511
1403715541.612143040 -0.032274115831 1.532133221626 1.438265085220 -0.383205449117 -0.743734672065 -0.193353266686 0.512471522581
1403715541.662142992 -0.025992864743 1.605159163475 1.449378371239 -0.379861787419 -0.748092986304 -0.198112420539 0.506767588070
1403715541.812143087 -0.003527519526 1.838731408119 1.457119464874 -0.359646620153 -0.755395868044 -0.222838067504 0.500374419123
1403715541.862143040 -0.007405070588 1.928646206856 1.456584572792 -0.350114073381 -0.755617887904 -0.232050686505 0.502607423808
1403715541.962142944 -0.022961977869 2.086357116699 1.460856437683 -0.333463397946 -0.757565648676 -0.248120749002 0.503321263731
1403715542.362143040 -0.139596223831 2.578162670135 1.520402312279 -0.259960493131 -0.745028295364 -0.231401919132 0.569040352596
1403715542.512143135 -0.243838220835 2.697987318039 1.548421025276 -0.243055531908 -0.731674978838 -0.186438752974 0.608947010619
1403715542.562143087 -0.277269184589 2.739314079285 1.553471684456 -0.237221630032 -0.730236339087 -0.175020701022 0.616318842876
1403715542.762142897 -0.378630340099 2.849527597427 1.536262750626 -0.221606719200 -0.743725790744 -0.144959326159 0.613799219620
1403715542.862143040 -0.425604552031 2.874266624451 1.568757176399 -0.217548876457 -0.751989712528 -0.136328689462 0.607123224859
1403715542.962142944 -0.462417066097 2.900867223740 1.575629830360 -0.218952778583 -0.755082073606 -0.125090546224 0.605196839465
1403715543.012143135 -0.481458574533 2.909469127655 1.574866175652 -0.220588869250 -0.754555301722 -0.119591563390 0.606370150320
1403715543.062143087 -0.495423316956 2.928167819977 1.554813742638 -0.221997367920 -0.753368467790 -0.115835574707 0.608058589600
1403715543.262142897 -0.546203792095 2.972985506058 1.520188093185 -0.227526654185 -0.745979139574 -0.110699853379 0.616029492006
1403715543.312143087 -0.550734877586 2.983145236969 1.515202403069 -0.229390240497 -0.743452137333 -0.110270538170 0.618465440513
1403715543.612143040 -0.552749931812 3.036509752274 1.465567469597 -0.223070004191 -0.736233695965 -0.133065375692 0.624894665246
1403715543.712143183 -0.540589272976 3.043047904968 1.454226255417 -0.216749840332 -0.730050497231 -0.148870227360 0.630780144195
1403715543.762142897 -0.529184103012 3.046490430832 1.443330764771 -0.214604885924 -0.726966546002 -0.160768171158 0.632153687624
1403715543.812143087 -0.513207614422 3.048923492432 1.427368402481 -0.213954997499 -0.724343790308 -0.173934919552 0.631898913716
1403715543.912142992 -0.477449506521 3.041080474854 1.401488065720 -0.220305158982 -0.722714947921 -0.199219490914 0.624067743725
1403715543.962142944 -0.461208939552 3.029006004333 1.389009237289 -0.227872836321 -0.723476237812 -0.210446359957 0.616740185365
1403715544.012143135 -0.444012254477 3.013265371323 1.382037520409 -0.236292777932 -0.722978820703 -0.222866530904 0.609752293697
1403715544.062143087 -0.417005866766 2.998463869095 1.361646533012 -0.248989050741 -0.722892405167 -0.233121534109 0.600903955635
1403715544.112143040 -0.399496406317 2.971209049225 1.349185228348 -0.267235244151 -0.721173945280 -0.237433110809 0.593396420355
1403715544.162142992 -0.381909072399 2.946843147278 1.322410941124 -0.288090032661 -0.718068599785 -0.240973819173 0.585929422323
1403715544.212143183 -0.367360740900 2.913918256760 1.302831649780 -0.310984216389 -0.713673908562 -0.245298715356 0.577743065816
1403715544.362143040 -0.325459271669 2.806652069092 1.208353519440 -0.382493089926 -0.692663653330 -0.261464165622 0.552768207499
1403715544.412142992 -0.298234671354 2.774299860001 1.178731799126 -0.406246657776 -0.683276950549 -0.266755880486 0.544920044558
1403715544.462142944 -0.288303285837 2.734163999557 1.160738706589 -0.427057854752 -0.673742193630 -0.273749475689 0.537358675234
1403715544.762142897 -0.166984573007 2.486654281616 0.956164240837 -0.491069633105 -0.631903801499 -0.315915185304 0.509652903351
1403715545.062143087 -0.034891419113 2.189893245697 0.974876999855 0.499121267141 0.633047679223 0.323819487964 -0.495246998105
1403715545.262142897 0.051364555955 1.987792849541 0.986071288586 0.519508532930 0.630182344351 0.329250135514 -0.473893965908
1403715545.312143087 0.065866008401 1.921317577362 1.005086064339 0.526791916277 0.628117145141 0.330335358598 -0.467800983558
1403715546.062143087 0.486575633287 1.145137667656 0.999706268311 0.523998614280 0.629762360049 0.304669834732 -0.485799542218
1403715546.712143183 0.911851644516 0.492770582438 1.069938182831 -0.294149888918 -0.761962547552 -0.162870505718 0.553499978867
1403715546.962142944 1.038107275963 0.264792740345 1.098750710487 -0.197689139639 -0.810936434238 -0.090519468301 0.543237804742
1403715547.062143087 1.080789446831 0.184258610010 1.117613434792 -0.151592948925 -0.820452761167 -0.075017560818 0.546122223599
1403715547.262142897 1.132445693016 0.022994726896 1.158125162125 -0.064948060081 -0.830213840946 -0.038496998367 0.552308541974
1403715547.512143135 1.123396873474 -0.171800419688 1.190223932266 0.021975017511 -0.838654198658 0.010416231527 0.544121390151
1403715547.612143040 1.103713154793 -0.267248749733 1.200657248497 0.056719242954 -0.839675506768 0.029345026276 0.539320945982
1403715547.662142992 1.088642597198 -0.319463104010 1.203703165054 0.074597789241 -0.839158641962 0.037879955503 0.537413389691
1403715547.712143183 1.069064140320 -0.371527165174 1.207651615143 0.092518494194 -0.838013248276 0.046635773868 0.535722843312
1403715547.862143040 0.984816133976 -0.515911400318 1.222315907478 0.143580110296 -0.830872139075 0.075380586159 0.532310192292
1403715548.062143087 0.815136075020 -0.746256172657 1.249078273773 0.188676737217 -0.804276807605 0.115175998083 0.551610687355
1403715548.162142992 0.727304875851 -0.867473185062 1.259750127792 0.199813792738 -0.787268709598 0.126440180323 0.569469325044
1403715548.212143183 0.681233942509 -0.927664220333 1.259838104248 0.204710722689 -0.780365220814 0.128596622290 0.576703179004
1403715548.262142897 0.633228778839 -0.989392936230 1.262773275375 0.208565280280 -0.774905872741 0.129052390530 0.582552126335
1403715548.312143087 0.584042012691 -1.050251007080 1.264182806015 0.210448048941 -0.770661161094 0.130311472367 0.587207035564
1403715548.712143183 0.239107757807 -1.560014128685 1.240054726601 0.196688870664 -0.773816958832 0.134830116478 0.586806209639
1403715549.012143135 -0.004655246157 -1.943172931671 1.200769662857 0.190259849504 -0.772890216898 0.140290614696 0.588863768180
1403715549.312143087 -0.230073466897 -2.332499504089 1.189038991928 0.205833719867 -0.742205772163 0.166109513568 0.615768270595
1403715549.662142992 -0.421484977007 -2.719861507416 1.174487471581 0.196926747085 -0.757526101284 0.210749964483 0.585626812263
1403715549.912142992 -0.551689028740 -2.909150362015 1.154371500015 0.149476857419 -0.771441331169 0.207108031288 0.582787515243
1403715550.162142992 -0.712181985378 -3.001507759094 1.153188347816 0.066825540726 -0.791404532424 0.171612715330 0.582891526119
1403715550.412142992 -0.894646644592 -2.977358818054 1.224153280258 0.001389224482 -0.802824376616 0.093286392361 0.588870812400
1403715550.612143040 -1.022066354752 -2.904154300690 1.263757586479 -0.055487256198 -0.799864733776 0.039021834031 0.596334548000
1403715551.012143135 -1.325167894363 -2.669481992722 1.263334274292 -0.212764450599 -0.775465532625 -0.012147555534 0.594337411227
1403715551.212143183 -1.458609580994 -2.475860834122 1.273332357407 -0.271256233523 -0.759256399350 -0.062488494798 0.588256047508
1403715551.412142992 -1.557991385460 -2.235831260681 1.327396273613 -0.341802899129 -0.731952679083 -0.093826839407 0.581904307866
1403715551.512143135 -1.597097039223 -2.091687440872 1.338806748390 -0.373627514510 -0.716574985568 -0.114370928090 0.577790735564
1403715552.112143040 -1.664959430695 -1.179337501526 1.491130590439 -0.512359492820 -0.593615619652 -0.317024193489 0.533482551717
1403715552.312143087 -1.565932512283 -0.944908082485 1.498949527740 -0.545451186060 -0.559129793282 -0.371664721347 0.501719695114
1403715552.512143135 -1.440163969994 -0.776334285736 1.509397864342 0.585596931346 0.514276043427 0.418042683637 -0.466729839767
1403715552.762142897 -1.283656954765 -0.668400228024 1.517927765846 0.652237883561 0.432285604789 0.454992609076 -0.425084360645
1403715552.912142992 -1.193062305450 -0.667802333832 1.515601515770 0.697467881475 0.378101849962 0.467692504264 -0.389668236617
1403715552.962142944 -1.157677054405 -0.677751481533 1.514368891716 0.713541407945 0.359552391973 0.467217444234 -0.378534993756
1403715553.212143183 -0.970931112766 -0.744029104710 1.486955523491 0.769787242349 0.266206114434 0.484195860791 -0.319556347180
1403715553.662142992 -0.624666810036 -1.206252217293 1.433660268784 0.770077743700 0.139297961476 0.598533166656 -0.171272943723
1403715553.862143040 -0.537942588329 -1.523523092270 1.396699309349 0.801825294024 0.129809720254 0.572454279737 -0.111900905063
1403715554.112143040 -0.491499394178 -1.893574476242 1.360027909279 0.848655107774 0.139392820984 0.503415313558 -0.083230383396
1403715554.312143087 -0.431828916073 -2.163070440292 1.336529254913 0.873568342846 0.154317295126 0.456412531553 -0.068936175820
1403715554.412142992 -0.377195984125 -2.284784555435 1.317253708839 0.867721170023 0.180193017311 0.460836953351 -0.047115885970
1403715554.512143135 -0.317189365625 -2.395619153976 1.294579386711 0.836526712095 0.234307755337 0.495251131495 -0.007023909651
1403715554.762142897 -0.217436060309 -2.533043384552 1.191514849663 0.753986774354 0.327875704457 0.563627988427 0.079529910082
1403715554.962142944 -0.235199198127 -2.433306694031 1.126041054726 0.730495767298 0.323246439191 0.597244857038 0.072015505881
1403715555.162142992 -0.389575541019 -2.133398532867 1.140584468842 0.791367130122 0.216372604614 0.569800707193 -0.047414290612
1403715555.362143040 -0.593439280987 -1.773696303368 1.182687520981 0.842641565961 0.106575914879 0.496837768725 -0.178182986488
1403715555.562143087 -0.771668553352 -1.478988766670 1.202145338058 0.834543268688 0.106351609502 0.510885115804 -0.176701597130
1403715555.762142897 -0.898800432682 -1.274645686150 1.287195920944 0.832996256526 0.131423196330 0.513992874946 -0.157024254277
1403715555.812143087 -0.929801344872 -1.231835126877 1.311081647873 0.835671057085 0.130298361796 0.508221017322 -0.162443140405
1403715556.062143087 -1.026277899742 -1.072482824326 1.463326096535 0.848392070516 0.117025836908 0.479022642638 -0.192544122442
1403715556.312143087 -1.041027307510 -1.033891677856 1.585862636566 0.838185607453 0.113681339597 0.493019481335 -0.203600788455
1403715556.512143135 -1.001715898514 -1.090299844742 1.658980250359 0.831966858821 0.142810923254 0.504968975971 -0.180117805525
1403715556.712143183 -0.940497875214 -1.194811701775 1.680287599564 0.832614779128 0.183601230390 0.503148105457 -0.141015281719
1403715556.962142944 -0.837129950523 -1.354573249817 1.655428528786 0.826052221918 0.215274781205 0.507948633595 -0.115250594785
1403715557.162142992 -0.742916405201 -1.439316391945 1.625558733940 0.844830986140 0.209974358210 0.477130662982 -0.120489669908
1403715557.362143040 -0.616237461567 -1.496438741684 1.595233082771 0.859981149700 0.203429566964 0.451237722638 -0.124230892048
1403715557.562143087 -0.435583502054 -1.519542813301 1.562273859978 0.846159448477 0.202843117909 0.477723146167 -0.121035529929
1403715557.912142992 -0.060321737081 -1.523341417313 1.501687169075 0.828327086821 0.194601578065 0.512904600498 -0.113724872128
1403715558.112143040 0.170147493482 -1.490598559380 1.518073081970 0.832133859925 0.184604856185 0.511221240270 -0.110123425978
1403715558.312143087 0.401664584875 -1.436702966690 1.558678269386 0.832966762126 0.190886590075 0.511070384182 -0.092388432863
1403715558.462142944 0.577915728092 -1.403218030930 1.582933306694 0.819819133986 0.191696651623 0.531846655613 -0.091039873493
1403715558.512143135 0.640225589275 -1.387892842293 1.590514063835 0.813925176339 0.188889489505 0.540815835929 -0.096772364715
1403715558.662142992 0.797122776508 -1.321710228920 1.574789881706 0.799396429326 0.177840724183 0.562741548082 -0.112516354997
1403715558.762142897 0.887863218784 -1.283547282219 1.560111761093 0.796784358386 0.178554630692 0.565119603868 -0.117868069155
1403715559.012143135 1.061803698540 -1.195516705513 1.525766134262 0.784471326970 0.219309952994 0.566496069146 -0.124860184689
1403715559.212143183 1.146313309669 -1.121826887131 1.522326827049 0.771772666375 0.257110478994 0.561633013732 -0.151094526717
1403715559.412142992 1.168368220329 -1.064555525780 1.528318285942 0.756417546451 0.303375245986 0.551871639381 -0.176730872466
1403715559.462142944 1.166909217834 -1.044192433357 1.523208022118 0.756573600833 0.315151786236 0.543991463596 -0.179858387170
1403715559.662142992 1.137795090675 -0.968260586262 1.490714550018 0.769605337730 0.334261319536 0.502995701782 -0.207297909350
1403715559.912142992 1.076984524727 -0.863659024239 1.414870262146 0.756665440705 0.372428160947 0.489747562852 -0.221138106502
1403715560.112143040 0.997888565063 -0.749870836735 1.360488891602 0.736992799085 0.414642013757 0.479471665354 -0.234564904834
1403715560.362143040 0.869763016701 -0.565527439117 1.346156001091 0.720220626549 0.445778767286 0.447106643690 -0.287505306389
1403715560.662142992 0.694220006466 -0.312193185091 1.355316400528 0.685041431476 0.490947393179 0.420608970386 -0.335822870786
1403715560.862143040 0.568012714386 -0.129156842828 1.367966294289 0.649774862751 0.530476107208 0.408280040959 -0.360132193762
1403715561.062143087 0.431244641542 0.066485024989 1.385699033737 0.608858326584 0.575068010271 0.386407919437 -0.386364124089
1403715561.312143087 0.234686821699 0.319148093462 1.405022978783 0.575069914673 0.604350487859 0.337601517901 -0.435982086608
1403715561.512143135 0.084423527122 0.522942900658 1.420679807663 0.552574234480 0.617984836142 0.310569562637 -0.465083946472
1403715561.762142897 -0.090909481049 0.781413555145 1.442700743675 0.498658643577 0.646494326558 0.318898515673 -0.481340276777
1403715562.012143135 -0.273904323578 1.010541796684 1.458931207657 -0.439027710158 -0.660386797986 -0.313190883608 0.522547383153
1403715562.262142897 -0.448921501637 1.171814799309 1.491291403770 -0.392076002798 -0.665456855137 -0.317578854172 0.550079314381
1403715562.512143135 -0.618621289730 1.230252861977 1.519785046577 -0.380624595958 -0.701206987694 -0.318115480609 0.512089951392
1403715562.762142897 -0.835255205631 1.204087495804 1.550987720490 -0.370589058117 -0.715520389170 -0.278827068797 0.522446106317
1403715562.962142944 -1.044929742813 1.134928464890 1.567359209061 -0.372102540677 -0.715962778752 -0.230875296705 0.543721939053
1403715563.162142992 -1.220264673233 1.077826976776 1.491994142532 -0.329532165641 -0.715670236530 -0.211676809806 0.578288812240
1403715563.362143040 -1.419980764389 0.995584607124 1.516213417053 -0.254346477201 -0.723157090514 -0.184681791806 0.615015840319
1403715563.612143040 -1.663174271584 0.847220242023 1.608141303062 -0.148186753687 -0.752466638551 -0.133997710775 0.627598000070
1403715564.012143135 -1.894429802895 0.545834124088 1.532915949821 -0.021638244512 -0.759690599156 -0.017164207296 0.649698020406
1403715564.262142897 -1.947517037392 0.323212534189 1.420391440392 0.048880189765 -0.765262919457 0.083887778030 0.636354011374
1403715564.512143135 -1.956185340881 0.166604086757 1.380357980728 0.157524645875 -0.768723053159 0.130205865818 0.606050703876
1403715564.762142897 -1.991611599922 0.010281963274 1.379930973053 0.278989652282 -0.747846281874 0.181213986031 0.574501649106
1403715565.062143087 -1.866823554039 -0.174878537655 1.509222269058 0.391507046296 -0.688593947460 0.244143116769 0.559423916825
1403715565.312143087 -1.734204888344 -0.318143963814 1.623699903488 0.462015073725 -0.641953623279 0.315789830871 0.524132405197
1403715565.612143040 -1.569729089737 -0.464524388313 1.689860820770 -0.531616775433 0.565239065450 -0.398401046705 -0.489045028131
1403715565.862143040 -1.419336915016 -0.516737759113 1.744260430336 0.613148231416 -0.492310675178 0.449376506221 0.423957701501
1403715566.162142992 -1.223889231682 -0.487626045942 1.822976827621 0.705140071483 -0.373936132465 0.504333684295 0.329540465044
1403715566.362143040 -1.127413153648 -0.425443321466 1.855746269226 0.748281476954 -0.289501167896 0.534334894893 0.265989090487
1403715566.512143135 -1.054426670074 -0.378780394793 1.864331007004 0.771990298722 -0.226892122511 0.551263399219 0.220589175430
1403715566.562143087 -1.043714046478 -0.354259043932 1.862064838409 0.776583635399 -0.207884024192 0.558145057600 0.205368448043
1403715566.862143040 -0.971926271915 -0.147055849433 1.878405451775 0.806694846375 -0.081366691233 0.574472822614 0.112267193819
1403715567.362143040 -1.035419583321 0.216435983777 1.820569038391 0.814648181784 0.175867860694 0.539056585447 -0.121806849332
1403715567.612143040 -1.131238222122 0.425633370876 1.767266988754 0.778838603718 0.322451200657 0.494169071892 -0.212679688781
1403715567.962142944 -1.327046036720 0.701999783516 1.623676419258 0.675514231833 0.478432113158 0.447061947306 -0.338996911078
1403715568.262142897 -1.521126866341 0.903026342392 1.520284652710 0.565072498735 0.577347838380 0.396463949362 -0.436094927695
1403715568.512143135 -1.713697314262 1.005950331688 1.448246359825 -0.474432499243 -0.639607377936 -0.337202093035 0.502106424219
1403715568.762142897 -1.883498311043 1.079162836075 1.411614656448 -0.370160313552 -0.697268488076 -0.268767302484 0.551871654278
1403715569.062143087 -2.119676113129 1.063632488251 1.443031668663 -0.255649259066 -0.758154285967 -0.178437642063 0.572717777683
1403715569.312143087 -2.325279951096 1.012126803398 1.446041822433 -0.180629583724 -0.774944143479 -0.117121645049 0.594236494577
1403715569.562143087 -2.508599042892 0.908018350601 1.447006344795 -0.116581496585 -0.767376589214 -0.088133274862 0.624319349640
1403715569.812143087 -2.640656948090 0.781896948814 1.447148323059 -0.047665858585 -0.779287087193 -0.045445392472 0.623196849889
1403715570.062143087 -2.725319862366 0.604821026325 1.432466030121 0.038357605458 -0.772687243514 0.014576808063 0.633459302229
1403715570.312143087 -2.746641397476 0.406079888344 1.434212684631 0.120889267035 -0.759690812467 0.074854590949 0.634548977781
1403715570.562143087 -2.610880136490 0.185862034559 1.409852981567 0.195045311695 -0.735567861950 0.128479105548 0.635917091628
1403715570.812143087 -2.535505533218 -0.043454546481 1.375851988792 0.299478847164 -0.714805765359 0.194842503257 0.601166906268
1403715571.012143135 -2.493479967117 -0.069411799312 1.352901577950 0.392854513430 -0.683454323677 0.256729823252 0.559146985608
1403715571.412142992 -2.322730064392 -0.256640553474 1.328638076782 0.451564612755 -0.630533160087 0.332052717042 0.536897256754
1403715571.662142992 -2.125816822052 -0.341059714556 1.264153242111 -0.454549170624 0.663238142745 -0.337105277739 -0.489755250880
1403715571.912142992 -1.979225993156 -0.401493102312 1.158903598785 -0.435881292732 0.724235361026 -0.353665994890 -0.400513523038
1403715572.112143040 -1.971417427063 -0.472722262144 1.092805743217 -0.453046135608 0.746633893364 -0.317637172086 -0.369315280399
1403715572.362143040 -2.089898347855 -0.644373714924 1.060774326324 -0.518247075712 0.663654467802 -0.282498020820 -0.459540701671
1403715572.712143183 -2.222200632095 -0.995275259018 1.001165032387 0.575022268253 -0.556479119715 0.342740100627 0.492147992109
1403715573.062143087 -2.191919803619 -1.312892556190 0.994853317738 0.633776213482 -0.499991680182 0.406649600343 0.427752322147
1403715573.312143087 -2.113105773926 -1.502653360367 1.049883365631 0.671712215243 -0.452662124565 0.448325038229 0.378026830397
1403715573.462142944 -2.067644357681 -1.610125660896 1.075329661369 0.695955378440 -0.428757628483 0.467397178852 0.336679355660
1403715573.512143135 -2.052207708359 -1.641391992569 1.089543938637 0.703045920058 -0.420807503822 0.473981388997 0.322473679258
1403715573.712143183 -1.982320427895 -1.777424693108 1.130485177040 0.738143236894 -0.377385705811 0.481640445507 0.284160253023
1403715573.912142992 -1.928494930267 -1.929704308510 1.170784950256 0.781853766790 -0.321721448080 0.470582768988 0.252491579439
1403715574.112143040 -1.857609391212 -2.084111690521 1.197276949883 0.816846929373 -0.263272232908 0.473459237514 0.198204622719
1403715574.262142897 -1.777746558189 -2.202663660049 1.224507451057 0.828107244373 -0.204794159917 0.494180478612 0.167581404079
1403715574.312143087 -1.747073769569 -2.241647720337 1.231600522995 0.828781457041 -0.180586363824 0.502985368390 0.165878008373
1403715574.512143135 -1.627850413322 -2.413261651993 1.266334891319 0.832490431649 -0.102590796321 0.519109154087 0.164196905329
1403715574.712143183 -1.489353656769 -2.543689727783 1.290695548058 0.841508678836 -0.065509530410 0.515322454728 0.148373014992
1403715574.912142992 -1.332630515099 -2.623347043991 1.294794321060 0.844579024468 -0.064241558490 0.520618182016 0.107313410092
1403715574.962142944 -1.285751700401 -2.637469291687 1.303403615952 0.842143609136 -0.065699251760 0.525755901657 0.100292275390
1403715575.162142992 -1.102085828781 -2.679428100586 1.329825878143 0.826299666493 -0.069786089585 0.550597154527 0.095924604811
1403715575.962142944 -0.520186543465 -2.503698348999 1.441161274910 0.819357220415 -0.080626035908 0.542715076817 0.166173335392
1403715576.162142992 -0.385542899370 -2.331468105316 1.463846087456 0.820079302566 -0.105752061849 0.544832582385 0.139441668800
1403715576.412142992 -0.232131719589 -2.080287933350 1.485638141632 0.807271945877 -0.107998075827 0.564929869572 0.132297620551
1403715576.612143040 -0.133507326245 -1.866595745087 1.514461278915 0.784856269238 -0.101754460529 0.594930160258 0.140373515341
1403715576.862143040 -0.083440549672 -1.562712311745 1.544607281685 0.792081566787 -0.120448800985 0.578714180979 0.152278692915
1403715577.112143040 -0.088215887547 -1.220709800720 1.585423946381 0.803202045025 -0.160639145601 0.554685074142 0.146239391946
1403715577.362143040 -0.119317688048 -0.868441164494 1.583162665367 0.796674941699 -0.195963283452 0.551690603227 0.150149408204
1403715577.562143087 -0.161495804787 -0.603386998177 1.520439386368 0.795828524836 -0.197128200004 0.548955223521 0.162620852941
1403715577.812143087 -0.231677979231 -0.276007652283 1.486147999763 0.794853474629 -0.207443949144 0.549216119095 0.153416967050
1403715578.062143087 -0.326201558113 0.026240166277 1.441839933395 0.788955157126 -0.252235682075 0.541958366675 0.142155506393
1403715578.312143087 -0.457046449184 0.281713098288 1.330311298370 0.776383775258 -0.333133225560 0.513367534645 0.150679678586
1403715578.512143135 -0.591866731644 0.388734191656 1.244648456573 0.762026692768 -0.372159900354 0.486316347121 0.210496568793
1403715578.712143183 -0.732048273087 0.450386315584 1.147446990013 0.778378038168 -0.403900593103 0.411676370106 0.248021319672
1403715578.962142944 -0.827206134796 0.428405523300 1.049045205116 0.776346995733 -0.417083493935 0.385401278066 0.273482222285
1403715579.212143183 -0.804055869579 0.311953067780 0.998151361942 0.760442417615 -0.354944775149 0.408994139913 0.358420638658
1403715579.362143040 -0.723237514496 0.243449702859 0.990141749382 0.751081595746 -0.339815940953 0.420983137316 0.378384552106
1403715579.412142992 -0.686853230000 0.225844994187 0.984971463680 0.749960908268 -0.341522886390 0.423028385110 0.376786201429
1403715579.462142944 -0.647198617458 0.213741272688 0.978541016579 0.749260498093 -0.344350857452 0.424464135131 0.373980573488
1403715579.662142992 -0.436591088772 0.175677955151 0.950428485870 0.747119408285 -0.366422530527 0.433138188632 0.346321434134
1403715579.812143087 -0.241238892078 0.161477953196 0.952854752541 0.741091843035 -0.365882300356 0.448469115188 0.340277109557
1403715579.862143040 -0.170857951045 0.163414463401 0.962278425694 0.740043540049 -0.363489495371 0.450253776462 0.342757229460
1403715580.012143135 0.040203846991 0.165972560644 0.963264822960 0.729740830705 -0.374690143615 0.458169815161 0.342295296193
1403715580.062143087 0.109389655292 0.166487023234 0.952554702759 0.723599462732 -0.383029232346 0.460073971469 0.343546608778
1403715580.312143087 0.479707956314 0.200955912471 0.929338991642 0.690474445344 -0.432812734879 0.458035917621 0.355135661048
1403715580.512143135 0.781362891197 0.254702657461 0.886604666710 0.645848617097 -0.488758083910 0.463888642108 0.358890629312
1403715580.812143087 1.195871710777 0.343690782785 0.851636707783 0.602815919176 -0.561352791934 0.460746951481 0.330466889100
1403715581.062143087 1.424672365189 0.379561483860 0.842955112457 -0.589516157073 0.599097796285 -0.454983049207 -0.294182033740
1403715581.262142897 1.492017626762 0.354626208544 0.845656692982 0.604668462131 -0.589459024932 0.432104714741 0.316543269066
1403715581.312143087 1.500184297562 0.338522285223 0.856136918068 0.604873560033 -0.585454695606 0.434185636448 0.320708235363
1403715581.512143135 1.493974208832 0.256942331791 0.877983391285 0.627561367568 -0.549274384240 0.437709306302 0.335968803827
1403715581.712143183 1.438744425774 0.148430228233 0.846231639385 0.676139452712 -0.475091173122 0.436253885641 0.356099010456
1403715581.962142944 1.426356077194 0.016972720623 0.821845948696 0.729930853035 -0.396444192272 0.443690472063 0.336410127048
1403715582.162142992 1.435035586357 -0.070709437132 0.832793474197 0.732745818661 -0.348918094853 0.497344604114 0.306574836102
1403715582.362143040 1.455045223236 -0.137925460935 0.832172870636 0.746161977035 -0.327958828891 0.503674089886 0.286352574912
1403715582.562143087 1.479437947273 -0.180195912719 0.811336338520 0.767081587836 -0.331797625037 0.476650810334 0.272580354216
1403715582.762142897 1.521263837814 -0.218167230487 0.818067729473 0.773410705141 -0.343641048507 0.459476378813 0.269496286293
1403715582.812143087 1.534435272217 -0.227914705873 0.813794970512 0.774808371987 -0.347429291264 0.454328437691 0.269352218853
1403715583.012143135 1.610910058022 -0.271715462208 0.779617905617 0.780554490444 -0.365358725853 0.430922780205 0.267494423652
1403715583.112143040 1.662869453430 -0.303423225880 0.758038103580 0.778573410255 -0.371792113812 0.428429704375 0.268406380303
1403715583.212143183 1.730911016464 -0.343758881092 0.735124766827 0.763864600212 -0.369874582533 0.449451446304 0.278742207152
1403715583.362143040 1.838782429695 -0.407978028059 0.694878160954 0.732146638653 -0.365444387811 0.496842286658 0.289066591457
1403715583.412142992 1.875696659088 -0.429445266724 0.674333930016 0.721472017299 -0.363947137224 0.511908549912 0.291496837166
1403715583.462142944 1.906131029129 -0.445402443409 0.663097739220 0.712412924946 -0.361418252460 0.524444738961 0.294622697957
1403715583.662142992 2.019354343414 -0.500374257565 0.601221561432 0.670899738216 -0.337963284695 0.579410678991 0.316160875900
1403715583.862143040 2.052872419357 -0.483093619347 0.560823321342 0.632629504206 -0.305111326402 0.625898583379 0.339025076698
1403715584.012143135 2.011950254440 -0.385850250721 0.561963737011 0.633741286222 -0.312640478894 0.629098196210 0.323826139745
1403715584.062143087 1.981934785843 -0.340638995171 0.571947455406 0.640233136255 -0.320528989791 0.623742263640 0.313541684505
1403715584.212143183 1.853448629379 -0.165154114366 0.625105202198 0.675242733138 -0.353666448690 0.586003998063 0.274893992795
1403715584.262142897 1.798820734024 -0.094637274742 0.650023221970 0.691753350164 -0.364449246774 0.565405198766 0.262623470776
1403715584.312143087 1.736459374428 -0.021403688937 0.680343449116 0.706516805822 -0.373456040448 0.546057958788 0.251367014639
1403715584.612143040 1.351639509201 0.365388005972 0.790425240993 0.752501644370 -0.389133221653 0.482631120587 0.222224694691
1403715584.862143040 1.052887678146 0.615058779716 0.857287466526 0.773703211601 -0.372438764467 0.447162365729 0.250437082526
1403715585.162142992 0.713627099991 0.811532735825 0.916897714138 0.797252691744 -0.377773299548 0.397137659945 0.252897775606
1403715585.412142992 0.578869044781 0.891448259354 0.975996553898 0.787651131145 -0.369978624453 0.416682663506 0.262863394315
1403715585.762142897 0.536666572094 0.914376497269 1.012933969498 0.773816280862 -0.346612550057 0.449098974376 0.281741546972
1403715586.062143087 0.578163981438 0.894856870174 0.948878705502 0.758042285925 -0.381894906502 0.473740048948 0.234731119150
1403715586.312143087 0.605833053589 0.825782597065 0.933803439140 0.734398790745 -0.357220460457 0.511401004234 0.267434272183
1403715586.562143087 0.618453085423 0.776839911938 0.938959181309 0.728623476815 -0.323689498002 0.517983565587 0.309880778560
1403715587.112143040 0.620210230350 0.864302098751 0.946714997292 0.748034370059 -0.367217004955 0.483233469788 0.268480259700
1403715587.312143087 0.628592312336 0.909756660461 0.965800762177 0.739339287323 -0.351053831012 0.498289554465 0.286087704096
1403715587.562143087 0.623115897179 0.974195361137 1.005858540535 0.729611934654 -0.367288447715 0.515201426477 0.259486340551
1403715587.862143040 0.559699594975 1.036467075348 1.067344307899 0.702730924058 -0.432377087055 0.498805881389 0.265352557993
1403715588.112143040 0.440053254366 1.051982998848 1.116529345512 0.652031599674 -0.477199095134 0.474933599931 0.348674484246
1403715588.362143040 0.258524417877 1.094927191734 1.091980576515 0.587861467507 -0.527462046141 0.449351085956 0.417476292368
1403715588.562143087 0.106987945735 1.159627318382 1.025602698326 -0.542336673072 0.569564291260 -0.419280592559 -0.453510015378
1403715589.012143135 -0.267443031073 1.423384547234 0.891194760799 -0.481740729805 0.684842043506 -0.288505852072 -0.464415494427
1403715589.312143087 -0.518881440163 1.501310348511 0.861533463001 -0.431710130481 0.734223025403 -0.231479661508 -0.470063992939
1403715589.462142944 -0.660413086414 1.477638244629 0.886713027954 -0.407101526128 0.757201479343 -0.209155181270 -0.466013443065
1403715589.712143183 -0.940524578094 1.342630267143 0.961438775063 -0.381188012521 0.772946755941 -0.187309004065 -0.471343259673
1403715589.912142992 -1.191414713860 1.152171015739 1.095922827721 0.362930801672 -0.733452956383 0.214073658151 0.533386118721
1403715589.962142944 -1.260327577591 1.094351410866 1.133005499840 0.358750230516 -0.725897303474 0.221603001448 0.543381739745
1403715590.262142897 -1.628502011299 0.757594943047 1.309703946114 0.368280886781 -0.710402269331 0.230466306337 0.553699706904
1403715590.562143087 -1.907227635384 0.387886673212 1.463275194168 0.440437534580 -0.674802442583 0.226281584775 0.547223400360
1403715590.862143040 -2.094919443130 -0.037259753793 1.596517205238 -0.509120873315 0.635408268382 -0.302686034898 -0.495412557966
1403715591.362143040 -2.192368268967 -0.798596084118 1.783475399017 0.664137202156 -0.487993164151 0.377662035178 0.422085195704
1403715591.612143040 -2.164255380630 -1.185698628426 1.863820672035 0.729238315309 -0.409990600021 0.410622711583 0.362640704350
1403715592.112143040 -1.910242080688 -1.906610250473 1.737186789513 0.802298271911 -0.244660789812 0.462875527568 0.286714012389
1403715592.362143040 -1.681960582733 -2.181830167770 1.658780694008 0.818559931577 -0.147852627111 0.497217253752 0.246726940064
1403715592.612143040 -1.376763105392 -2.334500551224 1.631554961205 0.833246726761 -0.051989743137 0.512972678526 0.199639943023
1403715592.962142944 -0.899061977863 -2.289338827133 1.574911475182 0.845613822891 0.033303257349 0.528784595279 0.064924135943
1403715593.212143183 -0.543132066727 -2.146574974060 1.545487403870 0.838748559347 0.093244198536 0.534457308910 -0.046496348575
1403715593.562143087 -0.084520533681 -1.926414489746 1.482211232185 0.809464152040 0.232554175282 0.530396330697 -0.096779104017
1403715593.812143087 0.197275519371 -1.717895507812 1.469722032547 0.767005481124 0.307094544538 0.540879435754 -0.157622909865
1403715594.062143087 0.396079629660 -1.462909221649 1.444364666939 0.737683841656 0.387027113920 0.509093880710 -0.216462549798
1403715594.262142897 0.491807341576 -1.257580161095 1.416634678841 0.713645193440 0.441980281475 0.474552676936 -0.264884529972
1403715594.312143087 0.511048734188 -1.207635998726 1.413684129715 0.705755022439 0.454417542251 0.468452372621 -0.275621115620
1403715594.562143087 0.563131153584 -0.928822517395 1.395174741745 0.647605308846 0.529033848556 0.446281419507 -0.318690342282
1403715594.812143087 0.527673244476 -0.631651103497 1.380437850952 0.599859222601 0.602069298335 0.380658751511 -0.364390499274
1403715595.062143087 0.431428670883 -0.304367363453 1.384450912476 0.546406560436 0.659390023900 0.307016257254 -0.415193529187
1403715595.262142897 0.329525798559 -0.000306122558 1.379087567329 0.490840263218 0.690137192848 0.263596401285 -0.461847839005
1403715595.312143087 0.303778141737 0.078322477639 1.379069447517 0.473409096429 0.696862658629 0.254327596314 -0.474956610093
1403715595.562143087 0.139625966549 0.476300418377 1.376553535461 -0.376124469898 -0.726813055626 -0.215203378867 0.532880042429
1403715595.912142992 -0.125436589122 0.935626029968 1.363949537277 -0.183478038915 -0.734331610430 -0.245216960777 0.605773538354
1403715596.162142992 -0.275141477585 1.064200043678 1.411447763443 -0.133348923948 -0.689502601468 -0.217745379819 0.677784031923
1403715596.412142992 -0.281535178423 1.026233911514 1.480937600136 -0.137865728241 -0.768238748731 -0.153481554719 0.606008212428
1403715596.662142992 -0.262441903353 0.894608676434 1.560623168945 -0.135027502232 -0.836064833619 -0.078862583416 0.525874294590
1403715596.962142944 -0.360137760639 0.761480271816 1.651760935783 0.097022515132 0.870639246244 0.023735347154 -0.481674753245
1403715597.312143087 -0.807169616222 0.602672755718 1.791195034981 -0.065837727365 -0.841580839685 0.003362718375 0.536092899136
1403715597.812143087 -1.634512066841 0.465589493513 1.940967917442 0.041980915119 -0.786910660251 0.059993253035 0.612707337251
1403715598.362143040 -2.397641658783 0.410334914923 2.028351783752 0.075910586038 -0.742443351924 0.072106212918 0.661676909848
1403715598.662142992 -2.624866247177 0.437375038862 1.985699295998 0.060538362279 -0.708973166841 0.083588856904 0.697642507497
1403715598.912142992 -2.659965515137 0.478403568268 1.921391487122 0.066298165188 -0.760090557439 0.062966412100 0.643352384130
1403715599.212143183 -2.623275756836 0.540113687515 1.820052504539 0.066861669638 -0.776813820930 0.057152130819 0.623557249438
1403715599.512143135 -2.551644802094 0.598806500435 1.679838538170 0.044521793085 -0.786516505648 0.094093329175 0.608733270271
1403715599.762142897 -2.485697031021 0.697130441666 1.557840108871 0.036828459288 -0.773668194911 0.105326058900 0.623688693101
1403715600.012143135 -2.398499965668 0.847124516964 1.437328457832 0.060775933618 -0.779950820940 0.064519046062 0.619532410042
1403715600.262142897 -2.298121213913 1.002689003944 1.340920686722 0.121488286861 -0.783080969921 0.022396066034 0.609526954558
1403715600.512143135 -2.185042619705 1.081486701965 1.239552974701 0.188535338583 -0.786051896100 0.060664561082 0.585573938748
1403715600.712143183 -2.089232206345 1.066090106964 1.159087300301 0.233582594994 -0.789807114893 0.129789995505 0.552085859965
1403715601.112143040 -1.941469073296 0.923969447613 1.153574466705 0.336102756639 -0.742897378478 0.201267628234 0.542797943391
1403715601.362143040 -1.861878275871 0.790665984154 1.246052265167 0.362428791967 -0.724762953328 0.202278887728 0.549952153541
1403715601.612143040 -1.773348927498 0.624348580837 1.332241892815 0.361981857254 -0.722328736977 0.214226189495 0.548923942238
1403715601.862143040 -1.668471336365 0.429615736008 1.412138223648 0.353069075514 -0.716864806850 0.225771683491 0.557202119555
1403715602.112143040 -1.542384266853 0.241918191314 1.486260652542 0.314067069753 -0.697464698688 0.226946782103 0.602826766970
1403715602.362143040 -1.383566379547 0.092329896986 1.526306748390 0.265633554964 -0.722172972771 0.204046902308 0.605202505578
1403715602.612143040 -1.176962614059 -0.025376498699 1.543163061142 0.227881421429 -0.763079659112 0.157629722769 0.583894279317
1403715603.012143135 -0.861465632915 -0.208061635494 1.439265608788 0.141006798203 -0.789276920546 0.079122049332 0.592367023493
1403715603.512143135 -0.510479450226 -0.502762079239 1.209679841995 0.043541096795 -0.808472357381 0.031519746450 0.586074635035
1403715603.762142897 -0.373686909676 -0.664928972721 1.125170707703 0.007492542496 -0.806897604526 0.056540928588 0.587931501672
1403715604.162142992 -0.227863341570 -0.804571092129 1.085584521294 0.013009257427 -0.826616463714 0.044258211305 0.560872033478
1403715604.862143040 -0.254312843084 -0.941400110722 1.035650610924 0.029268440761 -0.802307956611 0.023461948381 0.595730834066
1403715605.212143183 -0.309670001268 -1.026095271111 1.021923661232 0.033560508586 -0.802633231508 0.026680662757 0.594930034589
1403715605.462142944 -0.356339544058 -1.095812201500 1.026505470276 0.029028833020 -0.799518450904 0.042239053847 0.598450911548
1403715605.912142992 -0.459310859442 -1.186398267746 0.954403936863 0.040773075921 -0.799741849610 0.034528722462 0.597961977135
1403715606.362143040 -0.564096748829 -1.274495482445 0.861800491810 0.043210290289 -0.798045682798 0.045027447918 0.599356849752
1403715607.062143087 -0.693791866302 -1.354177594185 0.809908032417 0.056903023244 -0.787833733399 0.050649838771 0.611158499783
1403715607.612143040 -0.690268337727 -1.364852786064 0.782018482685 0.066286703684 -0.798086368436 0.036449638500 0.597775565810
1403715607.912142992 -0.649220168591 -1.408205151558 0.777812182903 0.068874840695 -0.801215551823 0.030728599456 0.593604057345
1403715608.162142992 -0.672617673874 -1.407247900963 0.786920011044 0.069141407263 -0.803279049446 0.029758307751 0.590827084337
1403715608.512143135 -0.661149442196 -1.410045385361 0.779725015163 0.069901975145 -0.801855302480 0.029487779990 0.592682468529
1403715608.562143087 -0.663964867592 -1.408182501793 0.779954850674 0.069851309255 -0.802339179960 0.029592274879 0.592027877190
1403715608.612143040 -0.664366364479 -1.409182906151 0.780093312263 0.069716543750 -0.802723914911 0.029703059363 0.591516484981
1403715608.762142897 -0.659345626831 -1.410274863243 0.780280411243 0.069863935002 -0.802506148269 0.029495989579 0.591804617652
1403715608.812143087 -0.663281142712 -1.408359646797 0.780661046505 0.069745464385 -0.802890173308 0.029450031680 0.591299956280
1403715608.962142944 -0.666434705257 -1.405950903893 0.781204283237 0.069794254738 -0.802925637500 0.029421094316 0.591247486135
1403715609.012143135 -0.668112337589 -1.403753399849 0.785127341747 0.069779543493 -0.803085383973 0.029137135894 0.591046250704
