1413393888.155760288 -2.963327169418 0.162783905864 0.412421554327 -0.006498096207 -0.829038470902 0.009223568245 0.559077900034
1413393889.505760431 -2.959872245789 0.168894603848 0.415024220943 -0.005463955532 -0.835119988487 0.011081432026 0.549929277793
1413393889.555760384 -2.958550930023 0.173435986042 0.417975127697 -0.007054095563 -0.838801687967 0.010413973095 0.544291654824
1413393889.605760574 -2.956567049026 0.177563592792 0.426807016134 -0.006902320676 -0.842749641485 0.009326751252 0.538180839630
1413393889.705760479 -2.954814910889 0.179688647389 0.438676595688 -0.004878587615 -0.848372778233 0.001419158279 0.529375274595
1413393889.755760431 -2.957658529282 0.178876489401 0.441172480583 -0.002544530283 -0.850744627286 -0.003021580710 0.525564498209
1413393889.805760622 -2.958825349808 0.180552065372 0.449779242277 -0.001312566182 -0.852253011951 -0.007998492110 0.523067357728
1413393889.905760527 -2.965849161148 0.183997362852 0.490665942430 0.006780481741 -0.853018771071 -0.019353913332 0.521477352767
1413393889.955760479 -2.975018978119 0.183824881911 0.516463756561 0.011004311440 -0.850429326629 -0.026805324571 0.525290589576
1413393890.055760384 -2.997009277344 0.174736797810 0.578954815865 0.013938889358 -0.844386126393 -0.031878205510 0.534604247315
1413393890.155760288 -3.023955821991 0.158115714788 0.643932104111 0.007090212370 -0.839656422389 -0.024657362692 0.542511857547
1413393890.205760479 -3.035784959793 0.148861318827 0.668317735195 0.003215217226 -0.837542248440 -0.020955982564 0.545961181911
1413393890.305760622 -3.058693647385 0.129233866930 0.704441845417 -0.003052055633 -0.835377978776 -0.014989409600 0.549463284671
1413393890.455760479 -3.089017868042 0.096580311656 0.727274477482 -0.010739399928 -0.832829932232 -0.007149657064 0.553378622724
1413393890.505760431 -3.097390890121 0.085042022169 0.723655045033 -0.012105346225 -0.827717644252 -0.004210212070 0.560998468884
1413393890.555760384 -3.108682155609 0.072073258460 0.721776604652 -0.013533864058 -0.821493523429 -0.001376649137 0.570055825465
1413393890.705760479 -3.131881713867 0.036098062992 0.724552333355 -0.012218490789 -0.818456918191 -0.004451374849 0.574420880404
1413393890.855760336 -3.136019468307 0.002241709502 0.734628379345 -0.010570180128 -0.828367814615 -0.006997366772 0.560040980015
1413393891.155760288 -3.141907930374 -0.071668021381 0.780899882317 -0.010460730882 -0.832512298371 -0.006750488836 0.553866887543
1413393891.455760479 -3.133827686310 -0.165796890855 0.796832561493 -0.009126720939 -0.776636399919 -0.002675010096 0.629877539916
1413393891.605760574 -3.088629722595 -0.210753411055 0.794124484062 -0.005889214738 -0.752770382091 -0.003233445335 0.658249063898
1413393891.655760288 -3.059207439423 -0.224800348282 0.792817592621 -0.007411487537 -0.752667008682 -0.002151424879 0.658356258226
1413393891.705760479 -3.021614074707 -0.239211067557 0.790314555168 -0.006316121691 -0.751369947300 -0.002374106263 0.659846933119
1413393891.805760622 -2.932466506958 -0.266822487116 0.791855752468 -0.005388333156 -0.753563095174 -0.003666651500 0.657343410517
1413393891.855760336 -2.881214857101 -0.278182953596 0.799496173859 -0.004421159488 -0.757687365127 -0.004427685718 0.652587796435
1413393891.905760527 -2.822975873947 -0.290632635355 0.807928502560 -0.004523381551 -0.766641171498 -0.004991922653 0.642040517675
1413393892.055760384 -2.627192020416 -0.338618338108 0.837658226490 -0.005880490429 -0.809838809491 -0.004405618788 0.586606737053
1413393892.105760574 -2.564340591431 -0.352641969919 0.852582573891 -0.005175870470 -0.819695762807 -0.005249093687 0.572751896457
1413393892.355760336 -2.203399419785 -0.431022971869 0.910972118378 -0.003131733498 -0.840556164785 -0.008726522473 0.541645179530
1413393892.605760574 -1.860766530037 -0.514404773712 0.918470680714 -0.004361552704 -0.849973182403 -0.010440717456 0.526704436000
1413393892.755760431 -1.671439170837 -0.571497142315 0.904815971851 0.004605354158 0.866200168547 0.012681964438 -0.499515090403
1413393892.805760622 -1.615239381790 -0.590495824814 0.900080859661 0.003722286296 0.873433226027 0.013010494618 -0.486755978648
1413393893.055760384 -1.412612676620 -0.692383170128 0.892288446426 -0.001496072232 0.896330809894 0.011774244336 -0.443227127383
1413393893.205760479 -1.368249177933 -0.759014546871 0.902471542358 -0.003650343358 0.891818443235 0.008944714588 -0.452290447599
1413393893.255760431 -1.366768240929 -0.780042409897 0.904248654842 -0.003439365952 0.888854928080 0.008871229239 -0.458089918227
1413393893.355760336 -1.378777742386 -0.828354179859 0.910367548466 0.002950232795 0.885404049092 0.000103759908 -0.464812737309
1413393893.505760431 -1.435433626175 -0.899144589901 0.931336700916 0.014667699866 0.881594619599 -0.013628115262 -0.471582559763
1413393893.655760288 -1.529828190804 -0.964169263840 0.956822037697 0.022580415372 0.879451980705 -0.025167067587 -0.474785287880
1413393893.705760479 -1.568739056587 -0.982149660587 0.957292973995 0.025786068388 0.878913430079 -0.027689839494 -0.475478242531
1413393893.855760336 -1.707427740097 -1.028808355331 0.972634375095 0.030329633337 0.868454797592 -0.029268529325 -0.493973398516
1413393893.955760479 -1.816329002380 -1.049594998360 0.981519997120 -0.028608012439 -0.857360358978 0.026885316447 0.513217130050
1413393894.055760384 -1.935037851334 -1.064272046089 0.998540341854 -0.026853294125 -0.850231621034 0.025091673470 0.525124486004
1413393894.105760574 -1.991742730141 -1.062702178955 1.013219118118 -0.029122030877 -0.847599647944 0.023182762260 0.529329601557
1413393894.155760288 -2.053531646729 -1.067775845528 1.021064877510 -0.029133492558 -0.846261384337 0.024089538672 0.531425292883
1413393894.205760479 -2.109928369522 -1.067432999611 1.027115941048 -0.030333880393 -0.845440892423 0.024478345165 0.532644796967
1413393894.305760622 -2.236261129379 -1.064419031143 1.039509177208 -0.032798416810 -0.845524032152 0.024994326989 0.532342537659
1413393894.355760336 -2.295952796936 -1.058561682701 1.044971108437 -0.033845367418 -0.844383471743 0.024899906917 0.534089124350
1413393894.555760384 -2.542472362518 -1.036888480186 1.011001586914 -0.028535173617 -0.842556925499 0.016155204782 0.537608466183
1413393894.805760622 -2.863640069962 -0.983218431473 0.931919634342 -0.023436491902 -0.838756426965 0.007239335062 0.543954304701
1413393895.105760574 -3.245283603668 -0.897470116615 0.866578996181 -0.019509537141 -0.824893859219 0.001665961501 0.564948521259
1413393895.605760574 -3.801077604294 -0.731619834900 0.736589133739 -0.025255981405 -0.821270236925 -0.005461843165 0.569954237042
1413393895.855760336 -4.022325515747 -0.632623255253 0.694527268410 -0.049796604221 -0.818926282481 -0.035098161542 0.570655980601
1413393895.955760479 -4.099181652069 -0.582943260670 0.682323634624 -0.073757179233 -0.818208634450 -0.055305330512 0.567482261675
1413393896.005760431 -4.133680343628 -0.560548782349 0.681943774223 -0.083707903894 -0.819541740972 -0.067201197575 0.562875013380
1413393896.055760384 -4.160274505615 -0.539626479149 0.681664705276 -0.096578839200 -0.819590880963 -0.078969595840 0.559202476088
1413393896.155760288 -4.211522579193 -0.504087448120 0.678219497204 -0.123937329132 -0.814972998863 -0.105573508031 0.556159015244
1413393896.205760479 -4.229175567627 -0.485544234514 0.671428143978 -0.137124834856 -0.811472052628 -0.119163048378 0.555437078525
1413393896.255760431 -4.246639251709 -0.466821849346 0.661636531353 -0.150026773648 -0.805685792796 -0.133321782704 0.557303786517
1413393896.355760336 -4.280625820160 -0.447888761759 0.649388551712 -0.177335117532 -0.792540912603 -0.160255835554 0.561025421881
1413393896.405760527 -4.280954360962 -0.434050947428 0.641732990742 -0.194660767945 -0.783905182836 -0.171636574319 0.564039666303
1413393896.605760574 -4.319468498230 -0.399751216173 0.657144844532 -0.285500020729 -0.762504937976 -0.191972320564 0.547925828466
1413393896.755760431 -4.328244209290 -0.382584750652 0.688109755516 -0.348863748348 -0.748255659040 -0.204249679305 0.526013384584
1413393896.805760622 -4.316823959351 -0.372154593468 0.695306897163 -0.365699327984 -0.743780670709 -0.208163996394 0.519347932927
1413393897.055760384 -4.488349914551 -0.451836735010 0.638521075249 0.460878095992 0.729679395153 0.250177418104 -0.438828666042
1413393897.205760479 -4.458525180817 -0.386784195900 0.628489375114 0.448972804150 0.743999027187 0.302369040186 -0.391742175999
1413393897.255760431 -4.449425220490 -0.356186032295 0.627354860306 0.436013776902 0.745551821234 0.322992098123 -0.386937440552
1413393897.505760431 -4.471994400024 -0.174364730716 0.637265801430 0.399579664074 0.723988598710 0.373132336367 -0.420652964933
1413393897.655760288 -4.525896072388 -0.076516255736 0.639212667942 0.406562595352 0.719189291928 0.358980409380 -0.434288771277
1413393897.705760479 -4.546001434326 -0.044522747397 0.641431093216 0.406826664328 0.719047028907 0.355434708452 -0.437183846500
1413393898.005760431 -4.710757732391 0.122402369976 0.644737064838 0.405082960540 0.717737261840 0.368923802570 -0.429716475628
1413393898.105760574 -4.770308971405 0.172380581498 0.649789035320 0.407025692317 0.705533728453 0.393149662540 -0.426597621946
1413393898.155760288 -4.796137332916 0.192374959588 0.655571520329 0.409558340659 0.692804974553 0.405376597896 -0.433535622023
1413393898.255760431 -4.862564563751 0.234619140625 0.681475520134 0.417492296960 0.658944807238 0.427915039767 -0.456487209774
1413393898.355760336 -4.952364921570 0.242970317602 0.705264151096 0.427689957066 0.621550877608 0.441127936155 -0.485965072504
1413393898.405760527 -4.998336315155 0.237655743957 0.713954031467 -0.431059246378 -0.601957809865 -0.446262533622 0.502677176333
1413393898.455760479 -5.039798736572 0.222320839763 0.718431055546 -0.433562453962 -0.582547305615 -0.449034796049 0.520605393043
1413393898.655760288 -5.151668071747 0.159161597490 0.741705060005 -0.487818446985 -0.590204253683 -0.393714377532 0.508606873510
1413393898.705760479 -5.186709880829 0.147727280855 0.745860457420 0.500975570511 0.606153256969 0.374854580004 -0.491004912104
1413393898.855760336 -5.192963123322 0.054068934172 0.731801629066 0.551368724869 0.647024349811 0.321028865771 -0.417483663515
1413393898.955760479 -5.193501949310 0.000144469901 0.747232794762 0.572548891034 0.666123223493 0.298734499641 -0.373129197599
1413393899.305760622 -5.186121463776 0.076498664916 0.736045777798 0.453262378540 0.631063708705 0.438684380719 -0.451517347730
1413393899.705760479 -5.204126358032 0.080811560154 0.973325192928 -0.392313650683 -0.532506217101 -0.446161318455 0.602882455879
1413393899.955760479 -5.113196372986 -0.179497197270 0.869435071945 0.535621854236 0.633720555519 0.296817546700 -0.472659353864
1413393900.055760384 -5.050034046173 -0.276165902615 0.853666245937 0.565850352952 0.659456224716 0.258700104167 -0.421906652715
1413393900.105760574 -5.005548477173 -0.310039371252 0.849276363850 0.572591875149 0.667458009935 0.251565943699 -0.404169640110
1413393900.155760288 -4.959702014923 -0.335201591253 0.836006939411 0.573701516535 0.676005221611 0.252836767471 -0.387243001897
1413393900.205760479 -4.913721084595 -0.345611691475 0.823697149754 0.571778356311 0.683663686172 0.258474203239 -0.372645504522
1413393900.405760527 -4.953162193298 -0.376346647739 0.802442908287 0.529885726964 0.694950245133 0.340107817497 -0.347263733390
1413393900.705760479 -4.934004783630 -0.249788358808 0.770718395710 0.434140449515 0.606174818704 0.471160083917 -0.471256022424
1413393901.055760384 -4.770586967468 -0.267196148634 0.712753057480 0.483422349840 0.598885112758 0.406187680322 -0.492596172107
1413393901.305760622 -4.660209178925 -0.388302475214 0.693133592606 0.538499464803 0.670873177843 0.354401667852 -0.366533680955
1413393901.555760384 -4.525434970856 -0.412071764469 0.702681183815 0.546751382794 0.695645003700 0.345505985480 -0.312676511793
1413393901.755760431 -4.458823204041 -0.326369136572 0.677575707436 0.506532629087 0.686293358593 0.398652427026 -0.336901116477
1413393902.005760431 -4.523618698120 -0.181899294257 0.740987122059 0.493783791281 0.651988786644 0.425754478073 -0.387067718568
1413393902.305760622 -4.602670669556 0.015408751555 0.735686421394 0.494830028818 0.646433387428 0.428985390955 -0.391457182111
1413393902.505760431 -4.675559997559 0.160650685430 0.747684180737 0.489883282356 0.642014044287 0.436181130600 -0.396961575246
1413393902.555760384 -4.702478885651 0.195992559195 0.738856911659 0.489841698574 0.640672905805 0.436922598716 -0.398361730697
1413393902.755760431 -4.802118301392 0.351246148348 0.779133319855 0.491255686983 0.645685713892 0.427747192124 -0.398484833643
1413393903.355760336 -5.266504764557 0.802815854549 0.987249553204 0.530503655511 0.626193586212 0.404312116209 -0.403706809826
1413393903.655760288 -5.438096523285 1.061846256256 0.984205186367 0.577177017976 0.552450174212 0.450204939749 -0.398724112105
1413393904.155760288 -5.610246181488 1.425557971001 0.947883784771 0.642174850755 0.473512395537 0.468371885302 -0.379506750510
1413393904.405760527 -5.574109554291 1.551405072212 0.948069930077 0.641957481869 0.480749879219 0.480766069637 -0.354449244537
1413393904.655760288 -5.479417324066 1.647210717201 1.038908004761 0.657257494546 0.479197062019 0.497434050271 -0.301566349369
1413393904.805760622 -5.417605400085 1.699971437454 1.061327815056 0.679894533634 0.475247920338 0.502368470925 -0.243944374996
1413393904.855760336 -5.400424957275 1.716919422150 1.064167857170 0.685748396704 0.468540235387 0.506936124933 -0.230727267343
1413393905.005760431 -5.331796646118 1.773250818253 1.095728993416 0.688052933811 0.433897700357 0.540548996019 -0.214762186378
1413393905.605760574 -5.143214702606 2.165315628052 1.000006556511 0.740914797019 0.253471985946 0.595643066941 -0.178903382965
1413393906.005760431 -5.015248298645 2.316158533096 0.976427376270 0.795036837164 0.136002672829 0.570257603486 -0.155647330487
1413393906.205760479 -4.908415794373 2.351029157639 0.993973910809 0.793660576169 0.126977431648 0.588525427019 -0.087278508550
1413393906.405760527 -4.787852764130 2.369137287140 0.984947085381 0.772413635735 0.116612974231 0.622916574708 -0.041875842693
1413393906.555760384 -4.699991703033 2.391398906708 0.940703630447 0.767357384388 0.095363754009 0.633281954667 -0.031973722765
1413393906.655760288 -4.648557662964 2.401520729065 0.902069389820 0.766306564039 0.073124508157 0.637205996656 -0.037359067062
1413393906.955760479 -4.508350849152 2.431711435318 0.778442025185 0.759503400214 0.024849492867 0.646887844024 -0.063821750633
1413393907.155760288 -4.450408935547 2.410432100296 0.711293816566 0.761456441953 0.041645164254 0.646065458959 -0.032392624609
1413393907.355760336 -4.406889438629 2.374153614044 0.628411769867 0.764498516893 0.076204089255 0.639548222445 0.026704964643
1413393907.505760431 -4.397535800934 2.364199161530 0.592830181122 0.771865180953 0.070810567228 0.631442090966 0.022154243580
1413393907.605760574 -4.391308784485 2.382544517517 0.583036124706 0.773085947770 0.055614983602 0.631857726716 -0.001000673760
1413393907.805760622 -4.398550033569 2.413773775101 0.564379632473 0.777252136755 0.041507059613 0.627402306706 -0.022860526160
1413393907.955760479 -4.415842056274 2.427674293518 0.494953930378 0.771029275346 0.040327069979 0.635068439830 -0.023994339343
1413393908.005760431 -4.412914752960 2.433751583099 0.469565629959 0.769243002414 0.041481142187 0.637296644607 -0.019940583452
1413393908.055760384 -4.409589290619 2.441467523575 0.439256399870 0.767163084384 0.043868199205 0.639742313636 -0.016318436195
1413393908.205760479 -4.427488327026 2.454118251801 0.366539120674 0.774615404718 0.045179373910 0.630762227446 -0.008302553995
1413393908.255760431 -4.433271408081 2.460117340088 0.349140435457 0.774430429928 0.046199673595 0.630933994566 -0.006734320854
1413393908.355760336 -4.455307960510 2.472862720490 0.322205752134 0.765542432167 0.044524747997 0.641800709923 -0.007369445720
1413393908.405760527 -4.464570045471 2.480253934860 0.313591748476 0.763732749191 0.044185800475 0.643975459982 -0.007457808197
1413393908.455760479 -4.475001335144 2.488387107849 0.302721321583 0.764541145875 0.042825894573 0.643099076316 -0.008150408802
1413393908.605760574 -4.521716117859 2.507923364639 0.275200992823 0.772362687124 0.037858700088 0.633948169018 -0.011498887779
1413393908.655760288 -4.535732269287 2.515062332153 0.260930269957 0.775615827589 0.033522088273 0.630109620690 -0.016072973981
1413393908.705760479 -4.550776958466 2.521101474762 0.247025519609 0.777680855887 0.023529615516 0.627466842947 -0.030728783159
1413393908.855760336 -4.601455211639 2.529911994934 0.240167558193 0.767373596489 0.000104160254 0.638071850638 -0.063263045315
1413393909.005760431 -4.660060882568 2.512951135635 0.238032177091 0.765228156473 0.019408210941 0.642855378430 -0.028039432682
1413393909.255760431 -4.786408901215 2.464077949524 0.284826546907 0.771016971627 0.034882334717 0.635728760663 0.012846486506
1413393909.505760431 -4.922224044800 2.434558629990 0.283523976803 0.771073289791 0.030944458883 0.635593914999 0.022559248965
1413393909.705760479 -5.035993576050 2.421714305878 0.237114131451 0.791553822849 0.024160182099 0.610065502552 0.026057357352
1413393909.955760479 -5.142328739166 2.437946796417 0.131040439010 0.818292023247 0.011182492786 0.573646323699 0.034683042292
1413393910.355760336 -5.133856773376 2.525187969208 0.021445419639 0.838399177000 -0.013365315193 0.543923931972 0.032482178329
1413393910.705760479 -4.875232219696 2.607645273209 0.071487665176 0.840424638397 -0.028945439394 0.541123208753 -0.005863680596
1413393910.955760479 -4.552421092987 2.631485223770 0.064304865897 0.812418562219 -0.002261624042 0.582945638670 -0.012054810284
1413393911.205760479 -4.180360317230 2.636327028275 0.021356301382 0.785717611666 0.029821177693 0.617511917775 -0.020918130803
1413393911.455760479 -3.827696323395 2.620587110519 -0.008435723372 0.762486476856 0.047776933257 0.645013527098 -0.017006796580
1413393911.855760336 -3.386695146561 2.637377738953 0.039173517376 0.768420024644 0.045592903541 0.638319265842 -0.000768209598
1413393912.105760574 -3.188649654388 2.665015220642 0.165198385715 0.824551244085 0.008681810278 0.564369781053 -0.039070547829
1413393912.455760479 -2.748416185379 2.702970027924 0.391220062971 0.828538463049 -0.009493548707 0.558537415603 -0.038340110609
1413393912.905760527 -2.053575038910 2.641120195389 0.676435291767 0.777752493260 -0.000866206848 0.628384905794 -0.015258726975
1413393913.205760479 -1.602649331093 2.532860994339 0.734039545059 0.766133025519 -0.075556797221 0.638218786222 -0.002849833636
1413393913.455760479 -1.296183943748 2.384465217590 0.711480200291 0.753670769318 -0.167509214796 0.635266477262 0.018908032247
1413393913.605760574 -1.154639482498 2.287185668945 0.750772237778 0.735273899167 -0.219003683445 0.639246575871 0.052664747571
1413393913.655760288 -1.112891554832 2.244427919388 0.771219730377 0.727464597847 -0.233684448178 0.641555929665 0.067770803912
1413393913.705760479 -1.077698707581 2.204116106033 0.793802201748 0.719045954523 -0.247797524427 0.643914307870 0.083328967282
1413393913.805760622 -1.025588631630 2.115758180618 0.822554409504 0.703650766734 -0.277453961333 0.644498163420 0.111879703318
1413393913.855760336 -1.007315516472 2.065826177597 0.822170972824 0.696905472892 -0.292356118630 0.642606856433 0.126123446037
1413393913.905760527 -0.994044005871 2.014781951904 0.822273671627 0.689535650206 -0.308102333264 0.640868292544 0.137482901855
1413393914.055760384 -0.988362550735 1.850911140442 0.840974390507 0.672179444224 -0.342844899157 0.628618855748 0.188336380518
1413393914.105760574 -0.989883840084 1.799506068230 0.849605917931 0.667647546649 -0.352383788509 0.621238087320 0.210085077079
1413393914.455760479 -1.104320406914 1.505155205727 0.907053828239 0.656927472910 -0.449548631042 0.529191553111 0.293783243160
1413393914.655760288 -1.195331215858 1.347801327705 0.919148862362 0.623837072306 -0.505862854279 0.509322522487 0.309064172983
1413393914.705760479 -1.220700502396 1.312908768654 0.922483503819 0.613501485684 -0.520895436452 0.504280621234 0.313025518427
1413393914.855760336 -1.294893860817 1.194193363190 0.934294879436 0.587867864694 -0.561643527328 0.487423589452 0.318411959480
1413393914.905760527 -1.315709829330 1.159184932709 0.944824397564 0.583589554329 -0.570908837502 0.478216657674 0.323720888575
1413393915.005760431 -1.370333433151 1.088670372963 0.954205513000 0.585699137842 -0.582135453875 0.453272880550 0.335587078670
1413393915.055760384 -1.395797252655 1.049239039421 0.962673604488 0.587310409645 -0.585158215714 0.443896464986 0.340018062910
1413393915.105760574 -1.426362991333 1.014921903610 0.968825340271 0.588469318709 -0.588034389756 0.436180712647 0.343024551108
1413393915.305760622 -1.523801088333 0.848771035671 1.001294612885 0.593684414014 -0.589595946467 0.419248346406 0.352344050092
1413393915.505760431 -1.632765769958 0.654385626316 1.007495045662 0.609646410059 -0.549511583881 0.429994150984 0.376129333423
1413393915.655760288 -1.717001438141 0.484796822071 1.052093863487 0.617090957068 -0.530030806081 0.445874818303 0.373445646961
1413393915.805760622 -1.731372356415 0.345593750477 1.057679772377 0.623436219440 -0.517542224205 0.453204910188 0.371594805936
1413393916.355760336 -1.650722861290 -0.086643606424 1.116067171097 0.609553819028 -0.518603534706 0.462312284972 0.381787713019
1413393916.555760384 -1.563868641853 -0.189743489027 1.155209064484 0.571776674304 -0.570606981206 0.443398777337 0.388428604502
1413393916.755760431 -1.500388264656 -0.282464236021 1.195522785187 -0.532122927208 0.628714874424 -0.401813503878 -0.400135983780
1413393917.005760431 -1.397195935249 -0.395753145218 1.272905230522 -0.442282413466 0.695283433757 -0.358723047902 -0.438503069186
1413393917.205760479 -1.335078239441 -0.474901348352 1.315604805946 -0.359075884528 0.735650360275 -0.334153064048 -0.467145573927
1413393917.605760574 -1.285330533981 -0.537854611874 1.338059782982 -0.218341364000 0.816871806921 -0.225199751148 -0.484079094822
1413393917.805760622 -1.275552392006 -0.600266695023 1.371040344238 0.146472467340 -0.834694737672 0.143413654661 0.511138936969
1413393918.055760384 -1.312202215195 -0.624485731125 1.368746995926 0.033698483731 -0.839350861125 0.075911456630 0.537207604876
1413393918.305760622 -1.379115343094 -0.600951790810 1.366715908051 -0.072179918151 -0.845120388120 0.017961295733 0.529376273869
1413393918.555760384 -1.501068592072 -0.524978220463 1.352325439453 -0.170646566119 -0.839250621187 -0.049883794477 0.513857760718
1413393918.755760431 -1.591926336288 -0.422874957323 1.312163472176 -0.256772343070 -0.811164239470 -0.115618603994 0.512555290357
1413393918.955760479 -1.619228959084 -0.254793286324 1.349848389626 -0.353055198974 -0.751393245024 -0.189093478767 0.524408425668
1413393919.205760479 -1.578517436981 -0.016436584294 1.477684020996 -0.449643316089 -0.669315355618 -0.305085224319 0.506715986357
1413393919.405760527 -1.544176697731 0.134498983622 1.498294711113 0.512874543169 0.586371391499 0.379858323374 -0.498834557915
1413393919.655760288 -1.399924039841 0.259222060442 1.442304968834 0.578398946104 0.518919997984 0.416744223156 -0.471700025038
1413393919.905760527 -1.183334827423 0.310415983200 1.376920223236 0.565087219237 0.505837784626 0.488622374592 -0.431338528081
1413393920.105760574 -0.993174970150 0.287212699652 1.285845994949 0.558507143156 0.522805963362 0.504793257875 -0.399909274427
1413393920.555760384 -0.577559530735 0.049593191594 1.024646520615 0.566010119594 0.561084570906 0.481230669205 -0.365011969669
1413393920.705760479 -0.468805670738 -0.049788393080 0.951471507549 0.566342255496 0.570649106487 0.476474886747 -0.355791658192
1413393920.805760622 -0.400526523590 -0.111575096846 0.904897451401 0.565928287833 0.574200459598 0.474479010922 -0.353395936283
1413393921.305760622 -0.120344683528 -0.386661022902 0.689167976379 0.584668280093 0.608068626308 0.443879698539 -0.302301977573
1413393921.505760431 -0.072848714888 -0.404031872749 0.626582145691 0.579270944225 0.598826445523 0.450249775743 -0.321134328235
1413393921.605760574 -0.038960471749 -0.408423244953 0.612934768200 0.571393321023 0.589329858838 0.462239191729 -0.335462272611
1413393921.705760479 -0.018490001559 -0.391545504332 0.571008086205 0.566738196311 0.584520666243 0.467555259393 -0.344289857330
1413393921.755760431 -0.010090843774 -0.394090682268 0.550173938274 0.565260025927 0.581955154296 0.470080332339 -0.347611655092
1413393921.905760527 0.010936509818 -0.388072997332 0.490725785494 0.557816587787 0.574209081802 0.480601552710 -0.357975908203
1413393922.155760288 0.021811792627 -0.381969839334 0.351091802120 0.564318692557 0.574823328857 0.478232218304 -0.349880813433
1413393922.355760336 0.013654857874 -0.384411275387 0.234944269061 0.599535083207 0.593455926760 0.439507691975 -0.308546104783
1413393922.555760384 0.000731070351 -0.347165256739 0.131390497088 0.621602331146 0.583670050288 0.416462071097 -0.315435046221
1413393922.755760431 -0.004836962558 -0.256152510643 0.048277962953 0.622628929428 0.561050540908 0.418242757939 -0.350183494891
1413393922.905760527 0.019063031301 -0.177189365029 -0.000334897835 0.621197711644 0.570082818659 0.418820093210 -0.337207334193
1413393923.005760431 0.029504559934 -0.094263575971 -0.019661664963 0.617621322161 0.582741157306 0.423475705388 -0.315634298085
1413393923.105760574 0.041240684688 0.003402508795 -0.053359236568 0.613569427319 0.591884962611 0.428141231139 -0.299833193255
1413393923.155760288 0.053418718278 0.048782519996 -0.061893295497 0.611960805793 0.594408146868 0.429773037848 -0.295766975014
1413393923.355760336 0.094701200724 0.250918179750 -0.023640368134 0.613331621070 0.581530230262 0.430393647136 -0.316872638923
1413393923.505760431 0.120269067585 0.445271968842 0.016724713147 0.610402787729 0.569910457462 0.410245982933 -0.366481809268
1413393923.555760384 0.130420550704 0.512022733688 0.028376521543 0.602420918182 0.572923717614 0.403663901707 -0.381972466529
1413393923.705760479 0.159057110548 0.729787111282 0.057188175619 0.558258763308 0.611202418258 0.387662584214 -0.405581779060
1413393923.805760622 0.183957323432 0.881705343723 0.073789447546 0.522136251676 0.650317481513 0.372758204362 -0.406832067043
1413393924.005760431 0.253971129656 1.166932106018 0.166772976518 0.452739205250 0.712306410335 0.333611900274 -0.419940387788
1413393924.155760288 0.312753975391 1.387359857559 0.237546741962 0.399205732387 0.751007515973 0.314590067513 -0.421492150324
1413393924.555760384 0.334258943796 1.953353881836 0.333174884319 0.233572581030 0.812037794987 0.344534328978 -0.409065529317
1413393924.655760288 0.291810601950 2.050772666931 0.369386553764 0.210703517268 0.808804908308 0.358447283851 -0.415877720296
1413393924.705760479 0.252841621637 2.092444419861 0.387524813414 0.200012139264 0.805584472424 0.366409007007 -0.420444237478
1413393924.805760622 0.153564304113 2.154948711395 0.425824731588 0.191602932668 0.798823773995 0.376592472172 -0.428190460350
1413393924.905760527 0.032625928521 2.184364318848 0.460776597261 0.215873172641 0.794279940610 0.360517992594 -0.438799457518
1413393924.955760479 -0.034304425120 2.184683561325 0.479841560125 0.234941623589 0.793988614937 0.343480988338 -0.443176441062
1413393925.005760431 -0.111287131906 2.180597782135 0.513215124607 0.252805637871 0.794375698275 0.325169950886 -0.446453872559
1413393925.105760574 -0.263327121735 2.149924039841 0.570737600327 0.279787337337 0.793900670372 0.288813005658 -0.456100546892
1413393925.305760622 -0.608037114143 2.094178915024 0.710741043091 0.305191016703 0.803959887896 0.209057752412 -0.465619815960
1413393925.505760431 -0.987062036991 2.089996814728 0.877730965614 0.273107565117 0.814028050395 0.188678261879 -0.476624730384
1413393925.555760384 -1.068919658661 2.094349145889 0.915914058685 0.264870840000 0.814360588177 0.187227456167 -0.481254863281
1413393925.755760431 -1.396481871605 2.124399900436 1.014904022217 0.242236611807 0.816125880928 0.184009654673 -0.491325258091
1413393925.905760527 -1.648204207420 2.157790899277 1.045948386192 -0.231156503526 -0.812425698400 -0.188727569230 0.500912147233
1413393926.105760574 -1.947415828705 2.225230216980 1.023391723633 -0.223420150078 -0.791076506967 -0.194937152615 0.535052338139
1413393926.255760431 -2.151108503342 2.275179624557 0.997026979923 -0.225823447153 -0.784544480895 -0.191914200363 0.544667721344
1413393926.305760622 -2.216390132904 2.282700777054 0.980106592178 -0.228416034086 -0.785988746464 -0.189708278712 0.542271674325
1413393926.755760431 -2.703773975372 2.392227411270 0.883916676044 -0.179855269280 -0.798327370150 -0.177789644545 0.546549414036
1413393926.905760527 -2.845444917679 2.424489259720 0.871800959110 -0.152819412163 -0.813261867544 -0.155909469887 0.539392066500
1413393926.955760479 -2.884926795959 2.431453227997 0.866347551346 -0.144634520811 -0.818895221395 -0.146598624238 0.535724108895
1413393927.055760384 -2.961614131927 2.452627658844 0.867627680302 -0.135228169998 -0.832581782673 -0.127441678438 0.521804104347
1413393927.105760574 -2.998981714249 2.460579156876 0.882290899754 -0.132616480907 -0.838180250778 -0.116638316366 0.516006321502
1413393927.155760288 -3.042737245560 2.473405838013 0.900947809219 -0.132357433748 -0.840871414780 -0.106046403748 0.513975568569
1413393927.205760479 -3.074333667755 2.483240604401 0.918606638908 -0.131741015627 -0.842941385320 -0.096441508231 0.512633626951
1413393927.305760622 -3.156207561493 2.505066394806 0.947437167168 -0.132030657775 -0.850957612624 -0.079903509776 0.502049959988
1413393927.355760336 -3.191354036331 2.515240192413 0.959981262684 0.126630290737 0.855487226696 0.078660416756 -0.495902180886
1413393927.405760527 -3.228453159332 2.531083345413 0.971227228642 0.116374533374 0.858100652849 0.082077601726 -0.493339145984
1413393927.605760574 -3.394603252411 2.629849910736 1.030943036079 -0.052328797279 -0.854667434979 -0.117947787185 0.502885598037
1413393927.755760431 -3.554115295410 2.693274021149 1.118306517601 -0.002139145697 -0.843848989381 -0.138085193125 0.518504540844
1413393927.855760336 -3.669026851654 2.725414752960 1.165069460869 0.020489853179 -0.834492782243 -0.145789301769 0.530987302960
1413393927.955760479 -3.772466182709 2.757184028625 1.186719894409 0.029261491837 -0.829034415240 -0.144524207370 0.539405609900
1413393928.005760431 -3.818191528320 2.766762733459 1.188116669655 0.033128450792 -0.825433883277 -0.144985222440 0.544555746154
1413393928.105760574 -3.909450769424 2.754935979843 1.203308343887 0.039095023970 -0.820013480622 -0.145866185682 0.552062337104
1413393928.255760431 -4.061006546021 2.682644605637 1.234184622765 0.033862577623 -0.821251279332 -0.141349191191 0.551743134160
1413393928.305760622 -4.107038021088 2.655796766281 1.232568383217 0.025023566536 -0.823656772706 -0.132311473982 0.550869427379
1413393928.405760527 -4.195521354675 2.581976175308 1.242240786552 0.001132904664 -0.824588285496 -0.104696237317 0.555960048424
1413393928.655760288 -4.409281253815 2.361881732941 1.250420093536 -0.032486640378 -0.807987231440 -0.070465387566 0.584068560194
1413393928.755760431 -4.478929996490 2.285681962967 1.254011154175 -0.034768332086 -0.805710321848 -0.073235249078 0.586735868141
1413393928.805760622 -4.498235225677 2.254041194916 1.252455234528 -0.031170234077 -0.805570631922 -0.080711588279 0.586148573687
1413393928.855760336 -4.515845775604 2.223638057709 1.244834303856 -0.028373763985 -0.804929473312 -0.088772136360 0.586005944387
1413393928.955760479 -4.541555881500 2.155646800995 1.252992510796 -0.024061316004 -0.804171132994 -0.110869004951 0.583470555469
1413393929.005760431 -4.554472446442 2.114084959030 1.260607481003 -0.024993922892 -0.803910199656 -0.122674875036 0.581424755570
1413393929.105760574 -4.575873374939 2.039455413818 1.260050773621 -0.036096275876 -0.803402233427 -0.142665374791 0.576965199669
1413393929.305760622 -4.564470767975 1.879539489746 1.258640289307 -0.080634474800 -0.797892910207 -0.181652678938 0.569093531570
1413393929.405760527 -4.572302818298 1.774147629738 1.274885535240 -0.118668462729 -0.795116650472 -0.194385057108 0.562069456580
1413393929.455760479 -4.570969104767 1.717535376549 1.283554553986 -0.136522015759 -0.792254932769 -0.202901282780 0.559039391637
1413393929.505760431 -4.572582244873 1.656312942505 1.292685747147 -0.155147144802 -0.789541312379 -0.212293968867 0.554513554768
1413393929.555760384 -4.568215847015 1.603399991989 1.294100165367 -0.173529206686 -0.786684841518 -0.221580100026 0.549469928905
1413393929.705760479 -4.589753150940 1.405141592026 1.353576540947 -0.223020954359 -0.772176221180 -0.256879792923 0.536673761062
1413393929.755760431 -4.599752902985 1.334561467171 1.366889476776 -0.240855505457 -0.765938896888 -0.267534117837 0.532683409158
1413393929.905760527 -4.624578952789 1.142948269844 1.394315481186 -0.302458720664 -0.741509742529 -0.278573562518 0.530168934003
1413393930.055760384 -4.607445716858 1.028746843338 1.415939569473 -0.359019656917 -0.713651848360 -0.284584844141 0.529922151213
1413393930.255760431 -4.520668506622 0.861400246620 1.429082393646 -0.402165931144 -0.686481750417 -0.301342474508 0.525546050924
1413393930.655760288 -4.415138244629 0.590352594852 1.389043092728 0.397687656527 0.690206564498 0.349097797696 -0.493548632887
1413393930.955760479 -4.336407661438 0.311226725578 1.178081870079 -0.394724307120 -0.686607199046 -0.336920956731 0.509163563089
1413393931.255760431 -4.250233173370 0.092795386910 1.091634750366 0.396958523111 0.696426383411 0.330362623510 -0.498271769889
1413393931.555760384 -4.091897010803 -0.058986078948 1.033849954605 0.409900841523 0.703659778782 0.301086588385 -0.496176455235
1413393931.805760622 -3.913741827011 -0.120697379112 0.961988747120 0.407509316161 0.711722938303 0.291430620594 -0.492397199495
1413393932.005760431 -3.786806821823 -0.162374183536 0.866567730904 0.402155612375 0.717292982959 0.292555298627 -0.488029800249
1413393932.055760384 -3.716596603394 -0.155107632279 0.857159018517 0.399620538389 0.720870238987 0.293115188382 -0.484492604282
1413393932.305760622 -3.440467357635 -0.117378823459 0.822401106358 0.385021565468 0.740203600120 0.313966490405 -0.453080818618
1413393932.605760574 -3.152458429337 -0.049323901534 0.784692645073 0.371369324187 0.751161832737 0.320100625084 -0.442014068037
1413393932.905760527 -2.960930109024 0.006063314155 0.740022480488 0.367185871211 0.743708257145 0.327554747522 -0.452526851272
1413393933.155760288 -2.848612546921 0.032762691379 0.723703920841 0.349137880905 0.724486944750 0.342631709986 -0.485618075417
1413393933.405760527 -2.740371704102 0.000470393978 0.729428887367 -0.372056252490 -0.712437702170 -0.308897427073 0.508516817237
1413393933.555760384 -2.692176342010 -0.048100750893 0.725953519344 -0.398967131935 -0.715639755160 -0.273808884029 0.503699940580
1413393933.605760574 -2.653479576111 -0.060543246567 0.729650437832 0.405626592991 0.717127445715 0.266940522391 -0.499938221818
1413393934.155760288 -2.206156253815 -0.139824241400 0.725119829178 0.367828860292 0.724303054841 0.328357637032 -0.481942368415
1413393934.355760336 -2.062619447708 -0.191643849015 0.750951766968 0.375666941875 0.726039236595 0.314813424003 -0.482321565224
1413393934.605760574 -1.877651095390 -0.278108239174 0.720389544964 0.402942775176 0.729564022322 0.277476956896 -0.477891315912
1413393934.905760527 -1.617977261543 -0.344524472952 0.613302588463 0.422441885308 0.734145054935 0.219993450213 -0.483917997421
1413393935.555760384 -1.158559441566 -0.206674546003 0.425206214190 0.167957878799 0.854761597805 0.141810489623 -0.470172770667
1413393936.205760479 -1.171963214874 -0.140484437346 0.534473657608 -0.008789194987 -0.859523462458 -0.002492271171 0.511015036880
1413393936.555760384 -1.330319285393 -0.220891773701 0.599371016026 0.094470309448 -0.839961295145 0.126565715447 0.519154885572
1413393936.805760622 -1.519033312798 -0.232597991824 0.665533840656 0.177247345607 -0.800217694042 0.176145828578 0.545167430119
1413393937.055760384 -1.633176684380 -0.229405775666 0.753174781799 0.256892851917 -0.764573396302 0.219217214201 0.548978581287
1413393937.305760622 -1.691078543663 -0.186694532633 0.828546702862 0.334690197662 -0.722926071675 0.270356911670 0.540617655280
1413393937.555760384 -1.660443544388 -0.134148374200 0.888769090176 0.383761047212 -0.715455547919 0.297161433206 0.502539362872
1413393937.755760431 -1.612103104591 -0.073610804975 0.890512585640 -0.395257618416 0.732669564645 -0.304488759071 -0.462875030766
1413393938.005760431 -1.567027926445 -0.011150298640 0.893301308155 -0.401172203726 0.735764183807 -0.297825536901 -0.457178214329
1413393938.255760431 -1.522848248482 0.022369198501 0.932101905346 0.429526474179 -0.691007079659 0.275617486477 0.511909645815
1413393938.555760384 -1.384733200073 0.032234262675 0.990828037262 -0.442460108636 0.670433694158 -0.354297636009 -0.478770117455
1413393938.805760622 -1.214479088783 0.070262998343 1.032877326012 -0.472096662829 0.650184696119 -0.408418866341 -0.433103592136
1413393939.005760431 -1.079556345940 0.120430603623 1.029122114182 -0.505575612390 0.615478119175 -0.429530174144 -0.425539565468
1413393939.255760431 -0.940661489964 0.217549130321 1.058067679405 -0.532231881368 0.572449134146 -0.461001633088 -0.420129250545
1413393939.555760384 -0.757909178734 0.405190944672 1.072142124176 -0.599538315929 0.635301162683 -0.392809992249 -0.287483172459
1413393940.105760574 -0.518157243729 0.295105099678 1.008818268776 -0.502508740818 0.561573674090 -0.500301820764 -0.426401108357
1413393940.405760527 -0.452865570784 0.317623704672 1.004859447479 -0.505797800132 0.571684099416 -0.496744714977 -0.413026269463
1413393940.705760479 -0.450854152441 0.480385273695 1.009909987450 -0.576888748394 0.672604369418 -0.379778798990 -0.265651857528
1413393940.855760336 -0.506375670433 0.481352627277 0.986064791679 -0.559179408808 0.680030658025 -0.391739547147 -0.267239381722
1413393940.905760527 -0.526685476303 0.473454535007 0.982011556625 -0.554540680702 0.668225891411 -0.400508164382 -0.292492690488
1413393941.105760574 -0.642265498638 0.393360316753 1.050538301468 -0.513750228503 0.600049771198 -0.461679099772 -0.403551107206
1413393941.305760622 -0.789922535419 0.352868139744 1.056353211403 -0.491885104328 0.562623548102 -0.494345662851 -0.443989034681
1413393941.555760384 -0.925378620625 0.396451145411 1.102280735970 -0.562929919654 0.621532609777 -0.412642475565 -0.355715309427
1413393942.005760431 -1.294925093651 0.316513776779 1.123968720436 -0.565754740635 0.631857868681 -0.392718393394 -0.355597536181
1413393942.255760431 -1.504717111588 0.178735628724 1.120099186897 -0.493157084669 0.567372208724 -0.473422922505 -0.459081344425
1413393942.555760384 -1.705319285393 0.162405028939 1.144897222519 -0.517953065363 0.587148372068 -0.440357009057 -0.439393950797
1413393942.855760336 -1.855986833572 0.235730201006 1.125158548355 -0.580858011437 0.646267825850 -0.355516456668 -0.344310968601
1413393943.205760479 -1.996627211571 0.136531487107 1.086573958397 -0.544703841450 0.609378155981 -0.411078430101 -0.403696202301
1413393943.405760527 -2.070218086243 0.056519106030 1.057351112366 -0.496164132457 0.561003777910 -0.473114117044 -0.463960229024
1413393943.655760288 -2.138571023941 0.049795601517 1.027247309685 -0.528262426169 0.592800791768 -0.431563667036 -0.428110821482
1413393944.005760431 -2.202128887177 0.072783485055 1.008857607841 -0.560039575861 0.658629601861 -0.350891749342 -0.359774583664
1413393944.255760431 -2.243594169617 -0.011029738933 1.052976727486 -0.464341813764 0.658385053559 -0.409720128661 -0.427837802427
1413393944.555760384 -2.321338415146 -0.059700623155 1.080672144890 -0.404405775913 0.658150551957 -0.403697283630 -0.490226758678
1413393944.805760622 -2.345005035400 -0.020427754149 1.093274593353 -0.448450671575 0.720681727746 -0.312471034484 -0.426464295415
1413393945.055760384 -2.390788078308 -0.022972110659 1.143058419228 -0.445790026856 0.741454580719 -0.287212824510 -0.411126747642
1413393945.305760622 -2.446709632874 -0.096518471837 1.172498345375 0.366248130203 -0.685530823914 0.325998245173 0.538177451298
1413393945.505760431 -2.474228143692 -0.118980489671 1.158109664917 0.322021092938 -0.702246167113 0.306889027587 0.555852418965
1413393945.555760384 -2.471649646759 -0.115097507834 1.135885715485 0.315248005117 -0.716802232566 0.295054062356 0.547500239311
1413393945.755760431 -2.450709581375 -0.068473756313 1.090859532356 0.301266193991 -0.774798811681 0.232201792269 0.504982914400
1413393946.205760479 -2.426782131195 -0.050895467401 1.050014495850 0.206971138877 -0.771346679481 0.158250350250 0.580641434476
1413393946.605760574 -2.313411951065 0.001185765257 1.077032089233 0.093546866308 -0.832031767695 0.096487322801 0.538203141867
1413393946.855760336 -2.299925327301 0.037540901452 1.052341222763 -0.036455091827 0.873359001399 -0.007179633398 -0.485657953367
1413393947.105760574 -2.278581619263 0.024433379993 1.082762837410 -0.034013934525 -0.810269297160 -0.051921352551 0.582761587931
1413393947.505760431 -2.248113393784 -0.031420886517 0.934689164162 -0.166498321653 -0.793526935435 -0.109490439461 0.574982997394
1413393947.905760527 -2.073606491089 -0.041810829192 0.789785146713 0.285860657216 0.818406369993 0.173489868916 -0.467328586409
1413393948.255760431 -1.985493659973 0.041586622596 0.744542121887 0.286673454058 0.765975925247 0.299096564228 -0.491569333106
1413393948.505760431 -1.958164334297 0.031558349729 0.735132515430 -0.319964879755 -0.716024656119 -0.317904332081 0.532792775357
1413393948.905760527 -1.863613486290 -0.113187879324 0.718063890934 0.422036073788 0.747909368920 0.303573144471 -0.412747450998
1413393949.205760479 -1.835935354233 -0.169186502695 0.758468270302 0.451557681460 0.684997202378 0.372725297769 -0.433532391013
1413393949.455760479 -1.825134754181 -0.216967076063 0.804105341434 0.461971142012 0.617931922003 0.434071729561 -0.465107096860
1413393949.705760479 -1.803470373154 -0.339417070150 0.821470141411 0.531348505535 0.598529250924 0.393574128239 -0.452250938942
1413393949.955760479 -1.708060860634 -0.492221236229 0.853970825672 0.596170271172 0.569664544691 0.342501135895 -0.450284663564
1413393950.205760479 -1.483311295509 -0.605330824852 0.933084189892 0.583620450938 0.609531576187 0.382041593775 -0.376699743110
1413393950.405760527 -1.270904064178 -0.644965708256 0.985662937164 0.572148198857 0.634339415440 0.403193930522 -0.328168798374
1413393950.655760288 -1.014900565147 -0.625280380249 1.023567557335 0.565897810589 0.612385403193 0.423965043239 -0.353549839561
1413393950.955760479 -0.721629679203 -0.541590571404 0.981210470200 0.545370085911 0.600184931667 0.458761795410 -0.363162484699
1413393951.205760479 -0.522025704384 -0.472751855850 0.927472710609 0.547349795094 0.602940601025 0.461876333807 -0.351484246186
1413393951.605760574 -0.278077125549 -0.350159972906 0.881362259388 0.567900371070 0.599892465571 0.450385081519 -0.338779506133
1413393951.905760527 -0.150142237544 -0.219196557999 0.800902605057 0.565189009417 0.588379770492 0.465079622417 -0.343615540839
1413393952.405760527 -0.055962163955 0.043192677200 0.761427879333 0.571278811821 0.572001138961 0.467747410747 -0.357306065820
1413393952.655760288 -0.058301530778 0.176480442286 0.788835167885 0.543046724492 0.602834632907 0.455067214159 -0.366884850002
1413393953.005760431 -0.089634187520 0.360818564892 0.818558812141 0.519296024684 0.632930103018 0.411927505392 -0.400058764687
1413393953.255760431 -0.105331420898 0.487652212381 0.817001104355 0.523605765838 0.631663384378 0.390649143287 -0.417410661567
1413393953.505760431 -0.087598755956 0.622204720974 0.801406383514 0.522235578758 0.620720665818 0.392676613940 -0.433336877311
1413393953.705760479 -0.043261889368 0.719539225101 0.847538292408 0.494595456598 0.624114297094 0.434145664548 -0.421158311367
1413393953.905760527 0.007930784486 0.795664906502 0.874389111996 0.477698589210 0.626658721085 0.447907536575 -0.422471095382
1413393954.155760288 0.059802085161 0.852565407753 0.870261073112 0.476109322520 0.664356859265 0.409341303308 -0.405449966977
1413393954.355760336 0.079880423844 0.889391541481 0.879653453827 0.468924370308 0.705311094772 0.361188715335 -0.390114117451
1413393954.555760384 0.074194960296 0.962849199772 0.903354346752 0.435094576300 0.742494835715 0.323076284661 -0.393720677635
1413393954.755760431 0.040216490626 1.073874473572 0.916590988636 0.399541197522 0.768864904710 0.296184441615 -0.401856332015
1413393955.005760431 -0.048625741154 1.276868820190 0.938813805580 0.373117067051 0.780518890657 0.286305757180 -0.411828888676
1413393955.255760431 -0.193415403366 1.518236398697 0.955562651157 0.340019232670 0.770841915280 0.289000159489 -0.454608237677
1413393955.555760384 -0.392817586660 1.814462423325 0.968537688255 0.284321605463 0.778306178368 0.254866175195 -0.498441569991
1413393955.855760336 -0.579746425152 2.055593967438 0.940550386906 -0.164275398885 -0.807549770402 -0.256605858991 0.505005340170
1413393956.105760574 -0.745373487473 2.183123350143 0.881747961044 0.171428362297 0.831609422019 0.187417576411 -0.493875258481
1413393956.555760384 -1.103321671486 2.333062648773 0.847179770470 -0.081179743265 -0.829976177124 -0.096431134445 0.543369886021
1413393956.805760622 -1.261598706245 2.378200769424 0.827180325985 -0.012814591436 -0.853383769042 -0.027343110280 0.520408105515
1413393957.105760574 -1.447232723236 2.420971393585 0.810162007809 0.061522107533 -0.857161913393 0.055978727010 0.508286277132
1413393957.455760479 -1.690845489502 2.479093790054 0.791173815727 -0.181335047199 0.835453967600 -0.139906406249 -0.499560193635
1413393957.655760288 -1.834219574928 2.508053064346 0.753569543362 0.237866081854 -0.808672238712 0.189791704429 0.503436438798
1413393957.705760479 -1.869454860687 2.516223907471 0.737290084362 0.251341715695 -0.798944354335 0.203620382505 0.507004909977
1413393957.955760479 -2.017297506332 2.563689470291 0.642396450043 0.336995654042 -0.757799774461 0.236990652695 0.505973699899
1413393958.255760431 -2.125029802322 2.609116792679 0.603169143200 -0.388205018039 0.747473310095 -0.253655460312 -0.475646439688
1413393958.455760479 -2.163166999817 2.613521575928 0.637301266193 -0.374945293994 0.759322073744 -0.280334460349 -0.451949844535
1413393958.705760479 -2.206679105759 2.598679065704 0.627891421318 -0.376481132036 0.777695331906 -0.272351913021 -0.423410443310
1413393959.005760431 -2.282562971115 2.538559436798 0.539427280426 -0.361296884922 0.764126318039 -0.278597518413 -0.456025116880
1413393959.205760479 -2.335970401764 2.492555141449 0.451066583395 -0.334927796110 0.758387750378 -0.301960767882 -0.470628358406
1413393959.405760527 -2.390565156937 2.463867425919 0.369547963142 -0.343537948453 0.757787182965 -0.284840806367 -0.476031426817
1413393959.605760574 -2.439069032669 2.449288129807 0.308972030878 -0.344864067763 0.750441297203 -0.279709238286 -0.489560379423
1413393959.805760622 -2.471436500549 2.451083898544 0.278184086084 0.335291760737 -0.728828799524 0.289687703585 0.521985798769
1413393960.005760431 -2.476622343063 2.486821889877 0.248878702521 -0.350555520230 0.757201070998 -0.268372374708 -0.481387412385
1413393960.055760384 -2.468039989471 2.498231887817 0.243811935186 -0.353500187399 0.763405726658 -0.263315911794 -0.472137818250
1413393960.305760622 -2.451565504074 2.532528400421 0.233904466033 -0.367079737162 0.788475082354 -0.242822397533 -0.429647334219
1413393960.505760431 -2.455618143082 2.525573015213 0.214989826083 -0.369578144886 0.770406278779 -0.261274413191 -0.449023316837
1413393960.555760384 -2.453110456467 2.517426967621 0.217659682035 -0.373965758178 0.763869174729 -0.268193480898 -0.452466366499
1413393960.755760431 -2.443862438202 2.472891569138 0.141695842147 -0.410472103596 0.735142752902 -0.302675579224 -0.446615300862
1413393961.005760431 -2.421530723572 2.407451629639 -0.019811512902 -0.458611034008 0.725032703303 -0.327035191489 -0.396297353167
1413393961.355760336 -2.435266256332 2.275685548782 -0.095022954047 -0.418983802023 0.676595963010 -0.403268076149 -0.451713910050
1413393961.605760574 -2.462969303131 2.247141122818 -0.031028846279 -0.426499591729 0.670514428573 -0.391462409762 -0.463967449696
1413393961.905760527 -2.482928037643 2.326010704041 0.178675234318 -0.455807550578 0.691214987599 -0.352470550998 -0.436148878332
1413393962.155760288 -2.486701488495 2.393733501434 0.455049097538 -0.466875793103 0.704629721144 -0.338448258548 -0.413493344830
1413393962.455760479 -2.506967544556 2.424351215363 0.839982628822 -0.481009919025 0.722499515961 -0.319612144951 -0.380094815430
1413393962.705760479 -2.521416664124 2.378391504288 1.050798058510 -0.469910886231 0.748700441550 -0.274022140635 -0.378871054674
1413393963.105760574 -2.520041942596 2.120630979538 1.247327208519 0.360294427916 -0.760895274503 0.184852035076 0.507007334693
1413393963.305760622 -2.466165542603 1.937819957733 1.280058622360 0.274035763342 -0.779635619278 0.160790772055 0.539647331057
1413393963.555760384 -2.347764015198 1.695371150970 1.264515876770 0.183260702616 -0.804304510698 0.118742889515 0.552638857781
1413393963.755760431 -2.205338478088 1.493714570999 1.218636989594 0.127615126859 -0.811642940821 0.080315774114 0.564357881529
1413393963.955760479 -2.038964271545 1.291254281998 1.142483949661 0.084595691468 -0.820849773834 0.033430670017 0.563854176946
1413393964.205760479 -1.787909269333 1.019273400307 1.011688470840 0.020218387779 -0.830008308452 -0.011430105546 0.557267401663
1413393964.405760527 -1.583291411400 0.795067787170 0.906459271908 -0.045102546946 -0.833470940211 -0.026837644979 0.550065481829
1413393964.605760574 -1.372218370438 0.578073322773 0.813419520855 -0.099493626660 -0.829741847800 -0.044776345563 0.547379703599
1413393965.005760431 -0.945185184479 0.250986903906 0.695944845676 -0.206258194686 -0.832408363966 -0.065562962837 0.510152041840
1413393965.205760479 -0.741433680058 0.189181998372 0.658811032772 0.274885617352 0.836889989945 0.054497869758 -0.470194716945
1413393965.505760431 -0.518621861935 0.306674480438 0.663544118404 0.246213174594 0.862943496915 0.152244135049 -0.414161137885
1413393965.805760622 -0.519137084484 0.530399560928 0.709234356880 0.190600332209 0.845385846536 0.219608905187 -0.448069537385
1413393966.005760431 -0.613847017288 0.641802668571 0.732798755169 0.181610875204 0.823878624871 0.229776138103 -0.485226156343
1413393966.105760574 -0.676116704941 0.685922384262 0.719221293926 0.181024180636 0.821594335767 0.229976360663 -0.489207315773
1413393966.255760431 -0.784002542496 0.727691531181 0.724835276604 0.187975470750 0.821617450901 0.222520234491 -0.489994654330
1413393966.355760336 -0.874915897846 0.741012632847 0.760987460613 0.177174666587 0.821764868258 0.234272905501 -0.488290838738
1413393966.555760384 -1.074253678322 0.722992122173 0.845527291298 -0.163912946794 -0.800060874323 -0.242421662045 0.523705399692
1413393966.755760431 -1.277516484261 0.643138229847 0.899256885052 -0.169776567766 -0.779688193692 -0.229291364377 0.557393665576
1413393966.955760479 -1.450516104698 0.507234871387 0.903746247292 -0.191724776766 -0.784571008799 -0.205220110741 0.552788344266
1413393967.305760622 -1.674935340881 0.219807758927 0.836633384228 -0.255896692999 -0.789108973302 -0.178302416775 0.529180802572
1413393967.555760384 -1.791188597679 0.027831550688 0.755416989326 -0.298238312985 -0.764195734806 -0.218838170894 0.528364021059
1413393967.855760336 -1.863029956818 -0.192583844066 0.681799054146 0.368019453757 0.736723965457 0.272282166300 -0.497656643575
1413393968.105760574 -1.890488505363 -0.358011752367 0.708665013313 0.414454731550 0.742952143647 0.284839719326 -0.441719114674
1413393968.655760288 -2.000484466553 -0.530437588692 0.847392916679 0.397922514152 0.750393163428 0.322071541798 -0.418135803758
1413393968.905760527 -2.096319913864 -0.551783680916 0.810304105282 0.413457328353 0.727885323890 0.339336098819 -0.429053737744
1413393969.155760288 -2.205261945724 -0.563716948032 0.716975271702 0.455999896237 0.671757685045 0.370139680637 -0.451444729366
1413393969.705760479 -2.372370719910 -0.659309923649 0.550232291222 0.583003994196 0.568167607253 0.408691615649 -0.412629492085
1413393969.955760479 -2.355479717255 -0.713229238987 0.584863841534 0.608384239374 0.547745691562 0.419837979951 -0.391892046556
1413393970.255760431 -2.256607532501 -0.754519343376 0.720844566822 0.584970182814 0.581708270179 0.459450963731 -0.329135711115
1413393970.555760384 -2.170445203781 -0.745204269886 0.792544543743 0.574361091331 0.582219024745 0.468954528960 -0.333484838880
1413393970.805760622 -2.138787269592 -0.712098956108 0.824130773544 0.541188228106 0.587818729085 0.506344634617 -0.324345038460
1413393971.105760574 -2.203870534897 -0.676006853580 0.797970950603 0.530401237915 0.587190545474 0.516642095677 -0.327051768415
1413393971.405760527 -2.406093120575 -0.705639183521 0.823958933353 0.493975991991 0.547661272276 0.538194287892 -0.407923689955
1413393971.755760431 -2.734694242477 -0.899264156818 0.768668532372 0.584841464456 0.528649734347 0.429914902544 -0.440071826903
1413393972.105760574 -2.858109235764 -1.194095015526 0.804037630558 0.611421992253 0.525432321742 0.421693975253 -0.415040178321
1413393972.305760622 -2.836896896362 -1.364276528358 0.794206917286 0.621197961666 0.540972216539 0.421156304611 -0.379591327175
1413393972.605760574 -2.755652427673 -1.581397056580 0.764886856079 0.591757932017 0.572181332774 0.466388831301 -0.323902054384
1413393972.955760479 -2.724114418030 -1.734292030334 0.731712639332 0.586895856718 0.570155065298 0.481412342975 -0.314195359984
1413393973.105760574 -2.741682052612 -1.768957972527 0.707619786263 0.577165974514 0.566295876352 0.495877465243 -0.316692333919
1413393973.155760288 -2.750801801682 -1.776301741600 0.706558883190 0.572273231560 0.562966346713 0.501537452708 -0.322540663461
1413393973.205760479 -2.760944366455 -1.785739660263 0.700497686863 0.566988793421 0.560002566539 0.507455270211 -0.327734535551
1413393973.405760527 -2.833120107651 -1.825735449791 0.680297732353 0.537407526627 0.541111806727 0.535157041873 -0.363315394366
1413393973.555760384 -2.916274547577 -1.882012486458 0.652841627598 0.518504155168 0.531348767608 0.550103490884 -0.382371832514
1413393973.605760574 -2.950276851654 -1.905752539635 0.643228709698 0.516975619606 0.529511173398 0.549160203553 -0.388300486737
1413393973.755760431 -3.053725957870 -2.002700328827 0.626297116280 0.546186609927 0.522900314752 0.509149796124 -0.411122827459
1413393973.805760622 -3.088421344757 -2.047398567200 0.612589776516 0.562876098371 0.520705458500 0.486946776578 -0.418233503397
1413393973.955760479 -3.190184354782 -2.189465045929 0.589728415012 0.619257866201 0.513343535514 0.406333162245 -0.433464574573
1413393974.005760431 -3.216945648193 -2.235102891922 0.587233424187 0.635476490466 0.519450095285 0.383198107582 -0.423674872338
1413393974.055760384 -3.235364675522 -2.282239913940 0.574340462685 0.651599300784 0.528404593089 0.360700265244 -0.407556549237
1413393974.255760431 -3.223350048065 -2.439501285553 0.591802716255 0.680864709537 0.585486529661 0.315573135360 -0.306663281274
1413393974.405760527 -3.158716678619 -2.464595079422 0.624205350876 0.658781565780 0.627470713218 0.339287525617 -0.239105576180
1413393974.455760479 -3.129804372787 -2.448441982269 0.640771508217 0.646589499682 0.638349033517 0.352839139521 -0.223466141151
1413393974.655760288 -3.053142309189 -2.283968448639 0.726867079735 0.579788732833 0.658495777820 0.426380068425 -0.220064384481
1413393974.705760479 -3.043406009674 -2.221063375473 0.750662267208 0.562333025903 0.654522795603 0.447560345425 -0.234672872288
1413393974.855760336 -3.052015066147 -2.006087779999 0.825642406940 0.529519373421 0.633060606839 0.487491282433 -0.284948885957
1413393974.905760527 -3.063271760941 -1.926548361778 0.840099930763 0.526576661632 0.622337750178 0.491841858446 -0.305784831994
1413393975.105760574 -3.132317543030 -1.620666265488 0.856570065022 0.527916467757 0.581146055940 0.494949004992 -0.372288628921
1413393975.355760336 -3.257995605469 -1.284676551819 0.827082037926 0.541558557714 0.566317489674 0.481475575800 -0.392657846452
1413393975.605760574 -3.394936323166 -1.012817859650 0.817931175232 0.518415878445 0.566650391447 0.506290078405 -0.392202331553
1413393975.855760336 -3.568863630295 -0.823045849800 0.810985088348 0.536797438367 0.552330414552 0.485760712934 -0.413299132876
1413393976.155760288 -3.767602443695 -0.689855933189 0.794124484062 0.560687815828 0.548823280773 0.474179401639 -0.399469855113
1413393976.505760431 -3.930592536926 -0.607855141163 0.727550506592 0.568693063311 0.540580075729 0.454285876609 -0.421883731164
1413393977.055760384 -4.004517078400 -0.603426277637 0.655938088894 0.563423405925 0.608317186064 0.402395504385 -0.388049324079
1413393977.355760336 -3.986911773682 -0.560179769993 0.684120535851 0.535370042268 0.617588467514 0.436152929959 -0.376475996793
1413393977.605760574 -4.005469322205 -0.511441111565 0.760861575603 0.532950632421 0.612786620894 0.450739042455 -0.370527442233
1413393977.955760479 -4.070347785950 -0.426922887564 0.802708983421 0.540023073896 0.603115588920 0.457359165797 -0.368034433537
1413393978.305760622 -4.192849159241 -0.330215573311 0.835259020329 0.563580735643 0.575836006159 0.452843779160 -0.381735691448
1413393978.705760479 -4.343795776367 -0.207561329007 0.893928885460 0.617768165027 0.493513792204 0.492291088682 -0.363945216864
1413393978.955760479 -4.395603656769 -0.121391989291 0.925486564636 0.664793502744 0.430614929763 0.515472380542 -0.326968923252
1413393979.155760288 -4.402833461761 -0.118316344917 0.952864706516 0.694260623995 0.373267629989 0.534931051961 -0.304174830019
1413393979.205760479 -4.404594421387 -0.108835734427 0.958780884743 0.700709876122 0.358290489369 0.541621759358 -0.295431268389
1413393979.455760479 -4.364138603210 -0.084819629788 0.923461616039 0.725433474781 0.284423927971 0.571102759358 -0.258246114192
1413393979.655760288 -4.293708801270 -0.129532337189 0.884078025818 0.745752433777 0.218721221451 0.585825586300 -0.229831877868
1413393980.005760431 -4.127821922302 -0.300330728292 0.832548499107 0.769940383704 0.135899566492 0.608816718569 -0.134407380274
1413393980.205760479 -4.027743339539 -0.347736120224 0.820383131504 0.792993103555 0.089313413715 0.599899697144 -0.057493186450
1413393981.355760336 -2.972726821899 -0.662263393402 0.968109309673 0.787799686315 0.036123662739 0.611803619546 -0.061344482148
1413393981.555760384 -2.739322185516 -0.686634719372 1.053368449211 0.789610983701 0.052536644676 0.609666924578 -0.045394860411
1413393981.855760336 -2.346765279770 -0.718924343586 1.110605001450 0.783764217239 0.077254659843 0.615684050201 -0.026048663261
1413393982.055760384 -2.070653915405 -0.704988598824 1.116187691689 0.770677721849 0.113003874262 0.626192697459 -0.034186099878
1413393982.255760431 -1.787526488304 -0.677450716496 1.147174715996 0.757503694853 0.174260789426 0.624596583305 -0.075501902441
1413393982.855760336 -1.053204774857 -0.424853950739 1.251277208328 0.658231506104 0.458936275836 0.549368853450 -0.233029406102
1413393983.355760336 -0.730123996735 -0.023029599339 1.285443186760 0.477420955158 0.674243282190 0.450101489636 -0.338930376648
1413393983.555760384 -0.738067865372 0.159816324711 1.272822141647 0.394585510482 0.725720599733 0.411220212519 -0.385395643934
1413393983.905760527 -0.928777217865 0.395374953747 1.281432986259 0.269019110866 0.784558049344 0.317939341474 -0.459360413521
1413393984.155760288 -1.160363912582 0.450305134058 1.299763083458 0.180908755452 0.809903682454 0.260485583922 -0.493432129375
1413393984.655760288 -1.738605022430 0.224269300699 1.331024527550 -0.057333056578 -0.823430967751 -0.143834156757 0.545881356397
1413393985.205760479 -2.311098575592 -0.251750946045 1.219127416611 -0.157428340948 -0.824098050818 -0.089032580367 0.536797727857
1413393985.455760479 -2.571835756302 -0.437757492065 1.107068419456 -0.208102721747 -0.804005794460 -0.180220166970 0.527056629996
1413393985.705760479 -2.830198526382 -0.623105406761 0.995804488659 0.290157430499 0.786937003749 0.229119215524 -0.494007432423
1413393986.005760431 -3.113621950150 -0.818456292152 0.895446181297 0.396580396934 0.755301617200 0.260076008248 -0.452331838750
1413393986.305760622 -3.334244251251 -0.870128214359 0.906231462955 0.487901968535 0.690447939263 0.292686475923 -0.446730214600
1413393986.555760384 -3.465460300446 -0.843009173870 0.907380700111 0.540838871078 0.634526637645 0.344761908753 -0.431286945127
1413393986.805760622 -3.540211200714 -0.775318503380 0.929744720459 0.539059477344 0.593450114474 0.453063497856 -0.389827313002
1413393987.105760574 -3.642668485641 -0.704849779606 0.951543927193 0.564582621758 0.557739892141 0.493467293487 -0.355897009025
1413393987.355760336 -3.762842416763 -0.658950388432 0.932811081409 0.583378753675 0.552131768882 0.487001935901 -0.343000013890
1413393987.605760574 -3.904283523560 -0.602798819542 0.935610771179 0.583149159612 0.550819272357 0.488695279746 -0.343091982014
1413393987.855760336 -4.051536560059 -0.545226752758 0.938285648823 0.594552538456 0.532387193542 0.495925024829 -0.342241914028
1413393988.055760384 -4.171391487122 -0.492668896914 0.914963245392 0.603963922304 0.523764679666 0.492387263367 -0.344170017685
1413393988.355760336 -4.338407516479 -0.402843892574 0.807481408119 0.590754502154 0.526406667478 0.507068916468 -0.341740235415
1413393988.605760574 -4.513703346252 -0.353478342295 0.722624063492 0.575049778608 0.546623545033 0.526298669476 -0.305827107334
1413393988.955760479 -4.774387836456 -0.303748369217 0.682676792145 0.650968639888 0.505303616267 0.454132005725 -0.338632876181
1413393989.255760431 -5.009130954742 -0.230669513345 0.724263489246 0.714959197806 0.458475351169 0.411252450003 -0.330915491880
1413393989.505760431 -5.068480014801 -0.143153920770 0.854924678802 0.642713290857 0.461654626230 0.530731973898 -0.303509875460
1413393989.755760431 -5.128180503845 -0.119223371148 0.910792469978 0.627763343851 0.453469215911 0.555752683110 -0.302354034695
1413393990.055760384 -5.271872043610 -0.001106204581 0.901680886745 0.671051134337 0.387393485176 0.551203357582 -0.309502194826
1413393990.305760622 -5.376171112061 0.033144686371 0.861828207970 0.712414728989 0.304224170191 0.572083073989 -0.269506906727
1413393990.605760574 -5.446151256561 -0.116597808897 0.772414267063 0.775102057198 0.202124494428 0.557734160861 -0.217474822122
1413393990.955760479 -5.410970211029 -0.167888939381 0.739434778690 0.833719305220 0.203440581941 0.507017651089 -0.080356710517
1413393991.205760479 -5.254730701447 -0.124945610762 0.767955183983 0.742467812256 0.203113057016 0.632368614550 -0.087158392362
1413393991.405760527 -5.171121120453 -0.052198551595 0.800783514977 0.679912006614 0.180782543503 0.696624260201 -0.140542364166
1413393991.655760288 -5.157982349396 -0.003206407884 0.799527585506 0.755597120817 0.167758811974 0.602800729833 -0.193807753435
1413393991.955760479 -5.144619941711 -0.025589341298 0.847205460072 0.763883210231 0.183141125086 0.595877410579 -0.166949151405
1413393992.155760288 -5.134108543396 -0.059507932514 0.923670232296 0.719581951795 0.197230113662 0.650313773584 -0.142808260057
1413393992.205760479 -5.132392406464 -0.065479591489 0.952909171581 0.728632226004 0.200661011569 0.640156800586 -0.137947815059
1413393992.405760527 -5.141325950623 -0.040110465139 0.959615290165 0.784782619682 0.190488270338 0.571892194060 -0.144117816522
1413393992.605760574 -5.135170936584 -0.040374014527 0.966891050339 0.787923018433 0.166344474997 0.567181974661 -0.172659997969
1413393992.855760336 -5.095046997070 -0.095396995544 0.976211071014 0.713508627453 0.183791981293 0.660438628241 -0.144730231696
1413393993.105760574 -5.128036975861 -0.172600686550 0.968742430210 0.753393072680 0.197936887165 0.615968915665 -0.117483039593
1413393993.955760479 -5.057206153870 -0.159116983414 1.065705299377 0.677963463178 0.184778049288 0.698879660367 -0.133378514248
1413393994.355760336 -5.280423641205 -0.152694866061 1.048965930939 0.720108314006 0.159808667357 0.650844601320 -0.179740183763
1413393994.605760574 -5.541030406952 -0.230284750462 1.024281740189 0.828986830574 0.178135795490 0.510163108650 -0.144159983605
1413393994.905760527 -5.675402641296 -0.277740091085 0.942849278450 0.841789148211 0.191028073746 0.495459517434 -0.097052493066
1413393995.155760288 -5.625422000885 -0.243824288249 0.895262718201 0.783010616093 0.168867122688 0.584177107883 -0.130825808466
1413393995.405760527 -5.536551952362 -0.181958585978 0.823413431644 0.767340781133 0.176540396135 0.582925126945 -0.200549049390
1413393995.705760479 -5.402791976929 -0.126987323165 0.749943196774 0.728116268609 0.276051987470 0.579481586354 -0.240506033921
1413393996.005760431 -5.263525485992 -0.155323699117 0.696672618389 0.655160407396 0.397026990445 0.568506489390 -0.299891277646
1413393996.255760431 -5.175434112549 -0.234233975410 0.680729091167 0.635630471805 0.446267749884 0.531377773008 -0.338314630843
1413393996.505760431 -5.107566833496 -0.374195575714 0.646261870861 0.651192388572 0.481675734510 0.493442492061 -0.316940842768
1413393996.805760622 -5.013434410095 -0.552888691425 0.485650360584 0.649678140741 0.504199060172 0.479542967006 -0.306170222442
1413393997.155760288 -4.992322444916 -0.655086636543 0.378147214651 0.622497177087 0.542170879597 0.469912678876 -0.312618075800
1413393997.455760479 -4.853677272797 -0.725163996220 0.357739627361 0.598152774832 0.555834263463 0.469942969980 -0.335283848108
1413393997.755760431 -4.824547767639 -0.778318166733 0.251559317112 0.594102643408 0.559443774579 0.471456044791 -0.334356246314
1413393998.055760384 -4.813777446747 -0.823768198490 0.185723826289 0.600824837350 0.563670177230 0.468449592324 -0.319124695021
1413393998.305760622 -4.837187767029 -0.850461184978 0.144352078438 0.606331943659 0.549257110198 0.479226392917 -0.317837071605
1413393998.555760384 -4.880000114441 -0.858971714973 0.128370806575 0.624504713231 0.534968312922 0.469150792269 -0.322025415860
1413393998.905760527 -4.941868305206 -0.846198618412 0.110231891274 0.632950810341 0.511783463342 0.462228731751 -0.351846098867
1413393999.405760527 -4.957112312317 -0.822912871838 0.060100931674 0.631172581847 0.530240319367 0.464374024783 -0.323764055628
1413393999.605760574 -4.968420028687 -0.798919141293 0.031912777573 0.639626668603 0.517855870565 0.455416207609 -0.339557229646
1413393999.855760336 -4.948595523834 -0.754781603813 0.016980797052 0.642129010649 0.511717217829 0.451541361596 -0.349179242093
1413394000.055760384 -4.951231002808 -0.715273737907 -0.065107390285 0.620691706506 0.523121796204 0.484977914942 -0.325394840355
1413394001.105760574 -4.985970973969 -0.802478313446 0.003148013260 0.623439518421 0.515772289779 0.490621254699 -0.323408485189
1413394002.655760288 -4.988774299622 -0.830001711845 0.012863668613 0.622328281810 0.517188975822 0.489398759044 -0.325133795861
1413394002.705760479 -4.985262393951 -0.829973578453 0.012490404770 0.622279556047 0.517190296977 0.489460319647 -0.325132270255
1413394002.805760622 -4.971239566803 -0.820223689079 0.011798361316 0.622266353942 0.517273157453 0.489447679465 -0.325044845665
1413394002.855760336 -4.966213703156 -0.814590573311 0.011671612971 0.622335184440 0.517322425590 0.489361688951 -0.324964063538
1413394002.905760527 -4.966115951538 -0.812187612057 0.010876417160 0.622250259751 0.517265893965 0.489476143947 -0.325044314489
1413394003.005760431 -4.968324184418 -0.810421109200 0.010714153759 0.622449762144 0.517340852213 0.489215459298 -0.324935328140
