input_csv: /home/sharpa/hno_vio_clean/src/hno_vio/results/run_20260625T211722/vio_results/odom_raw.csv
input_txt: /home/sharpa/hno_vio_clean/src/hno_vio/results/run_20260625T211722/vio_results/odom_raw.txt
euroc_mav0: /home/sharpa/datasets/euroc/ASL/V1_01_easy/mav0
row_count: 2362
start_timestamp_ns: 1403715276012142848
end_timestamp_ns: 1403715418812143104
duration_sec: 142.800000256
mean_hz: 16.53361341573806
first_cam0_timestamp_ns: 1403715273262142976
last_cam0_timestamp_ns: 1403715418812143104
odom_vs_cam0_start_diff_sec: 2.749999872
odom_vs_cam0_end_diff_sec: 0.0
quaternion_norm_bad_count: 0
nan_count: 0
max_step_translation_m: 0.19178894150120304
max_step_rotation_deg: 11.38376409825731
max_step_time_sec: 0.150000128
large_step_count: 0
