1403715274.612143040 -0.000005395 -0.000052359 0.000007779 0.014381333 -0.829652742 0.000566892 0.558094242
1403715274.662142992 -0.000032599 -0.000371701 -0.000085991 0.012985121 -0.829772452 -0.000582490 0.557950468
1403715274.712142944 -0.000039939 -0.002166021 -0.000910139 0.012498298 -0.829768396 -0.000811652 0.557967331
1403715274.762142897 -0.001484179 -0.001259976 -0.002394450 0.012214611 -0.829940780 -0.001120564 0.557716639
1403715274.812143087 0.000093331 -0.001285163 -0.001592916 0.012369809 -0.829760239 -0.001135389 0.557981760
1403715274.862143040 -0.001363146 -0.001559092 -0.001931336 0.012252050 -0.829735253 -0.001017754 0.558021739
1403715274.912142992 -0.001337787 -0.001721550 -0.001563219 0.012292140 -0.829821576 -0.001115546 0.557892293
1403715274.962142944 -0.001374608 -0.001819533 -0.001555383 0.012379353 -0.829837687 -0.001145061 0.557866341
1403715275.012142897 -0.001381642 -0.001751723 -0.001438010 0.012473857 -0.829759257 -0.000863198 0.557981391
1403715275.062143087 -0.001336033 -0.001700677 -0.001526574 0.012484742 -0.829693170 -0.000954867 0.558079263
1403715275.112143040 -0.001351755 -0.001627314 -0.001578631 0.012473313 -0.829748556 -0.000855777 0.557997328
1403715275.162142992 -0.001403418 -0.001486077 -0.001593551 0.012577698 -0.829803991 -0.000651852 0.557912819
1403715275.212142944 -0.001364485 -0.001319350 -0.001587831 0.012717952 -0.829794644 -0.000599998 0.557923599
1403715275.262142897 -0.001350175 -0.001189683 -0.001525825 0.012781613 -0.829808880 -0.000644772 0.557900920
1403715275.312143087 -0.001325580 -0.001092984 -0.001622050 0.012788289 -0.829689372 -0.000599399 0.558078530
1403715275.362143040 -0.001374852 -0.001039253 -0.001595364 0.012714669 -0.829667898 -0.000630444 0.558112102
1403715275.412142992 -0.001397550 -0.001032035 -0.001649953 0.012683720 -0.829671759 -0.000580197 0.558107121
1403715275.462142944 -0.001450768 -0.001026888 -0.001653100 0.012750108 -0.829721825 -0.000478751 0.558031270
1403715275.512142897 -0.001487652 -0.001059478 -0.001685686 0.012826854 -0.829783723 -0.000419166 0.557937513
1403715275.562143087 -0.001476955 -0.000953065 -0.001606748 0.012878729 -0.829825619 -0.000331862 0.557874063
1403715275.612143040 -0.001450767 -0.000779018 -0.001492071 0.012857979 -0.829810571 -0.000329557 0.557896926
1403715275.662142992 -0.001437577 -0.000618694 -0.001471621 0.012766745 -0.829711469 -0.000388300 0.558046358
1403715275.712142944 -0.001440668 -0.000431710 -0.001481772 0.012716554 -0.829684666 -0.000516971 0.558087249
1403715275.762142897 -0.001464770 -0.000383905 -0.001495896 0.012716198 -0.829700939 -0.000519283 0.558063062
1403715275.812143087 -0.001523875 -0.000416058 -0.001424660 0.012778205 -0.829772686 -0.000478578 0.557954996
1403715275.862143040 -0.001517846 -0.000465924 -0.001323440 0.012947725 -0.829700213 -0.000284933 0.558058986
1403715275.912142992 -0.001462167 -0.000363934 -0.001217128 0.012975637 -0.829556729 -0.000130430 0.558271662
1403715275.962142944 -0.001407512 -0.000385829 -0.001224765 0.012872358 -0.829140906 -0.000391213 0.558891320
1403715276.012142897 -0.001399612 -0.000459658 -0.001516218 0.012648604 -0.829055312 -0.000521410 0.559023282
1403715276.062143087 -0.001479472 -0.000095234 -0.001728165 0.012767460 -0.829327309 -0.000414411 0.558617074
1403715276.112143040 -0.001531817 0.000255118 -0.002337614 0.012715144 -0.829387823 -0.000371827 0.558528447
1403715276.162142992 -0.001455449 0.000440601 -0.002896647 0.012618879 -0.829046341 -0.000296179 0.559037424
1403715276.212142944 -0.001468367 0.000649734 -0.002909997 0.012925385 -0.829192183 -0.000260396 0.558814093
1403715276.262142897 -0.001548257 0.000697702 -0.002997302 0.012975009 -0.829238470 -0.000168302 0.558744289
1403715276.312143087 -0.001619042 0.000724995 -0.003078369 0.012840395 -0.829439544 -0.000267388 0.558448829
1403715276.362143040 -0.001653052 0.000720464 -0.003454522 0.013146391 -0.829360819 -0.000269028 0.558558620
1403715276.412142992 -0.001643496 0.000789745 -0.003571385 0.013010160 -0.829332525 -0.000007229 0.558603884
1403715276.462142944 -0.001663045 0.000735696 -0.003209927 0.013219055 -0.829432308 -0.000193120 0.558450773
1403715276.512142897 -0.001629224 0.000618788 -0.002969068 0.013150513 -0.829099588 -0.000216948 0.558946232
1403715276.562143087 -0.001648629 0.000949890 -0.002682506 0.013022844 -0.829292356 -0.000429274 0.558663055
1403715276.612143040 -0.001762030 0.000951793 -0.002719183 0.012726621 -0.829554907 -0.000679969 0.558279703
1403715276.662142992 -0.001814215 0.000884040 -0.002942891 0.012467321 -0.829571249 -0.000571935 0.558261391
1403715276.712142944 -0.001726415 0.000907287 -0.003401873 0.012562993 -0.829168747 -0.000677512 0.558856781
1403715276.762142897 -0.001789048 0.000896810 -0.002884932 0.012691612 -0.829152226 -0.000455698 0.558878610
1403715276.812143087 -0.001962627 0.001018047 -0.002602386 0.012792720 -0.829332687 -0.000203072 0.558608627
1403715276.862143040 -0.002174004 0.000960561 -0.001833144 0.012802245 -0.829572869 0.000017668 0.558251697
1403715276.912142992 -0.002262802 0.000704015 -0.001711027 0.012813160 -0.829419362 -0.000057446 0.558479491
1403715276.962142944 -0.002251018 0.000574090 -0.002295305 0.013270408 -0.829085645 -0.000455369 0.558963937
1403715277.012142897 -0.002179814 0.000673845 -0.002296187 0.013037762 -0.829185473 -0.000385571 0.558821366
1403715277.062143087 -0.002210927 0.001002113 -0.001975825 0.013140279 -0.829670720 -0.000500470 0.558098181
1403715277.112143040 -0.002141384 0.001369630 -0.001665425 0.013249919 -0.829440433 -0.000010178 0.558438007
1403715277.162142992 -0.001997701 0.001566864 -0.001453735 0.013139693 -0.829258202 0.000268753 0.558711116
1403715277.212142944 -0.001671902 0.001560060 -0.001180953 0.013031446 -0.829494930 0.000390090 0.558362060
1403715277.262142897 -0.001485017 0.001680817 -0.000777706 0.012642570 -0.829517388 0.000365763 0.558337653
1403715277.312143087 -0.001834538 0.001521069 0.000168117 0.012481352 -0.829860818 -0.000169221 0.557830808
1403715277.362143040 -0.001952965 0.001535593 0.000447098 0.012734162 -0.829969979 -0.000655148 0.557662304
1403715277.412142992 -0.001935655 0.001732650 0.000641902 0.012561079 -0.829600265 -0.000843979 0.558215825
1403715277.462142944 -0.001859227 0.002076606 -0.000114590 0.012260607 -0.828737084 -0.000261449 0.559503758
1403715277.512142897 -0.002239638 0.002308646 0.000747970 0.012371778 -0.829364463 -0.000406053 0.558570821
1403715277.562143087 -0.002245053 0.002389092 0.000095690 0.012806485 -0.828817923 -0.000932600 0.559371053
1403715277.612143040 -0.002293133 0.002261097 0.000026480 0.012666644 -0.829063152 -0.000633843 0.559011130
1403715277.662142992 -0.002421335 0.002145632 -0.000428790 0.012408745 -0.829301735 0.000040419 0.558663273
1403715277.712142944 -0.002288159 0.002156459 -0.001106722 0.012210591 -0.828904151 0.000169505 0.559257349
1403715277.762142897 -0.002137394 0.002055869 -0.001797692 0.012158259 -0.828251031 0.000574339 0.560225024
1403715277.812143087 -0.002305785 0.001705084 -0.001512901 0.012534389 -0.828722073 -0.000534554 0.559519731
1403715277.862143040 -0.002173171 0.002065423 -0.001321227 0.012232243 -0.828960734 -0.000000956 0.559173026
1403715277.912142992 -0.002123899 0.002275596 -0.000989385 0.012799461 -0.828867905 -0.000616890 0.559297586
1403715277.962142944 -0.002305910 0.002582673 -0.000392923 0.012804747 -0.829118213 -0.000269480 0.558926610
1403715278.012142897 -0.002327268 0.002893492 -0.000491825 0.012590088 -0.829150710 0.000402121 0.558883197
1403715278.062143087 -0.002496546 0.002498547 -0.000576759 0.013012677 -0.828787210 0.000161403 0.559412554
1403715278.112143040 -0.002663380 0.001885919 -0.000145258 0.012753604 -0.829029756 -0.000146484 0.559059019
1403715278.162142992 -0.002514117 0.001821844 0.000414057 0.012144971 -0.829624808 0.000892531 0.558188482
1403715278.212142944 -0.002768952 0.001689971 -0.000798163 0.012172263 -0.829030930 0.000625008 0.559069908
1403715278.262142897 -0.002042118 0.002209552 0.001446593 0.013518034 -0.830008494 0.000219510 0.557586867
1403715278.312143087 -0.002231550 0.002131259 0.000979333 0.012466861 -0.829754473 -0.000788646 0.557988773
1403715278.362143040 -0.002649458 0.002426525 -0.000742620 0.012001027 -0.827700693 -0.001005532 0.561040575
1403715278.412142992 -0.003898351 0.002913576 -0.002057626 0.011513617 -0.827180196 -0.001186899 0.561817543
1403715278.462142944 -0.005762094 0.002784414 -0.002861131 0.010632685 -0.825709490 -0.001220381 0.563994055
1403715278.512142897 -0.009007558 0.002572930 -0.001013961 0.009857416 -0.825861330 -0.001168290 0.563785890
1403715278.562143087 -0.012955225 0.001646500 0.001155740 0.008267629 -0.823054728 -0.000822386 0.567901298
1403715278.612143040 -0.018049771 0.000733708 0.005675238 0.007033435 -0.820270668 -0.000042701 0.571932304
1403715278.662142992 -0.024638489 -0.001229625 0.013130869 0.007565518 -0.819372412 -0.002530009 0.573206082
1403715278.712142944 -0.032183460 -0.003390174 0.021864928 0.006108556 -0.816511290 -0.000221512 0.577297107
1403715278.762142897 -0.040933790 -0.006242632 0.034102782 0.005345528 -0.813724079 0.000924884 0.581226026
1403715278.812143087 -0.050542167 -0.009110970 0.050322954 0.004203568 -0.812493011 0.002439268 0.582950673
1403715278.862143040 -0.059737833 -0.011566361 0.068334787 0.003376468 -0.810572953 0.004597537 0.585609896
1403715278.912142992 -0.068087118 -0.013738306 0.086771179 0.003715516 -0.810967227 0.005164118 0.585056992
1403715278.962142944 -0.076441900 -0.015461286 0.101817474 0.003892171 -0.810107416 0.004267325 0.586253030
1403715279.012142897 -0.084244441 -0.016927238 0.114984180 0.004457838 -0.809880694 0.002848431 0.586570776
1403715279.062143087 -0.090308639 -0.018450695 0.121982336 0.005154466 -0.808925495 0.002226629 0.587884357
1403715279.112143040 -0.096583167 -0.019952161 0.126979603 0.005995849 -0.808663606 0.001321704 0.588239301
1403715279.162142992 -0.101612683 -0.020942575 0.125189317 0.006170278 -0.808639822 0.000664843 0.588271302
1403715279.212142944 -0.106762845 -0.021700999 0.122105338 0.005634277 -0.809553178 0.001351975 0.587017954
1403715279.262142897 -0.111029455 -0.023532904 0.119316640 0.006023161 -0.810254511 0.001084763 0.586046220
1403715279.312143087 -0.115249076 -0.025335743 0.114987806 0.006359176 -0.810646105 0.001181070 0.585500690
1403715279.362143040 -0.118945992 -0.026252290 0.110719256 0.006382657 -0.810777909 0.002158838 0.585315114
1403715279.412142992 -0.122840899 -0.026835939 0.109388359 0.005437555 -0.811234113 0.002949658 0.584688761
1403715279.462142944 -0.125834841 -0.027132960 0.109091925 0.005062211 -0.811975761 0.003565418 0.583658312
1403715279.512142897 -0.127971619 -0.027093650 0.108540385 0.004509379 -0.810852454 0.004825792 0.585213359
1403715279.562143087 -0.131260304 -0.027493695 0.107718073 0.005709093 -0.811232909 0.003611077 0.584684131
1403715279.612143040 -0.133730677 -0.027964567 0.108896720 0.005887639 -0.811833644 0.003580129 0.583848142
1403715279.662142992 -0.135263378 -0.028822319 0.112896385 0.006494231 -0.811824549 0.002981016 0.583857722
1403715279.712142944 -0.138714595 -0.028764985 0.116726183 0.005374220 -0.812760079 0.003915924 0.582560587
1403715279.762142897 -0.140278241 -0.028777468 0.120654618 0.005473909 -0.812697124 0.004034983 0.582646668
1403715279.812143087 -0.141133730 -0.028234761 0.127189544 0.004901898 -0.812861814 0.004568889 0.582418035
1403715279.862143040 -0.141515102 -0.027841618 0.132594309 0.005070032 -0.812832855 0.003924787 0.582461707
1403715279.912142992 -0.142598912 -0.027622644 0.137866012 0.005353560 -0.813444157 0.003839044 0.581605712
1403715279.962142944 -0.143008640 -0.027301466 0.144936217 0.005609608 -0.815519166 0.002451762 0.578697685
1403715280.012142897 -0.142180180 -0.026346717 0.153048168 0.005267017 -0.817980872 0.003153810 0.575212661
1403715280.062143087 -0.142857439 -0.025527074 0.159061705 0.005022663 -0.822369263 0.003056982 0.568923741
1403715280.112143040 -0.144533404 -0.024936569 0.162756396 0.007656536 -0.826971536 -0.000278790 0.562191585
1403715280.162142992 -0.145415039 -0.023839471 0.168268258 0.007769779 -0.828178397 -0.002319820 0.560405917
1403715280.212142944 -0.147472586 -0.023275969 0.176723681 0.011919533 -0.828371289 -0.006165090 0.560018682
1403715280.262142897 -0.153290810 -0.022918997 0.185576301 0.014524056 -0.828968240 -0.009893656 0.559019520
1403715280.312143087 -0.158848298 -0.022296547 0.194430595 0.015392199 -0.827570320 -0.012337622 0.561015356
1403715280.362143040 -0.164888867 -0.023072271 0.204581234 0.017914828 -0.825332177 -0.014731807 0.564170923
1403715280.412142992 -0.172937340 -0.025004542 0.214186670 0.018602742 -0.823679213 -0.017745116 0.566472950
1403715280.462142944 -0.181033238 -0.026600502 0.224443261 0.013774558 -0.823042643 -0.017142282 0.567553708
1403715280.512142897 -0.189100568 -0.029465108 0.234843921 0.007775814 -0.821608876 -0.015030391 0.569800385
1403715280.562143087 -0.198504963 -0.032063725 0.241881634 -0.000524662 -0.821085508 -0.015767234 0.570587160
1403715280.612143040 -0.207914060 -0.034786670 0.249114861 -0.010014178 -0.819617649 -0.016792050 0.572577202
1403715280.662142992 -0.218415120 -0.038469378 0.257641623 -0.017890869 -0.819078923 -0.020331999 0.573041224
1403715280.712142944 -0.227354232 -0.042301330 0.264846084 -0.028107543 -0.817180857 -0.025185563 0.575144416
1403715280.762142897 -0.238319756 -0.045356608 0.271885492 -0.038397920 -0.817513536 -0.031762215 0.573749405
1403715280.812143087 -0.247545774 -0.048417447 0.278134464 -0.049606778 -0.816693976 -0.037067991 0.573738688
1403715280.862143040 -0.257199893 -0.050821390 0.282459628 -0.061046043 -0.815448664 -0.043673889 0.573942025
1403715280.912142992 -0.265775673 -0.054663949 0.287056792 -0.069645264 -0.814126432 -0.049979270 0.574325485
1403715280.962142944 -0.275470619 -0.058002139 0.293004176 -0.078438124 -0.812842860 -0.055827446 0.574471271
1403715281.012142897 -0.285135208 -0.061984741 0.297993005 -0.085897866 -0.811779013 -0.059663067 0.574523028
1403715281.062143087 -0.294534193 -0.066024412 0.302694163 -0.091903399 -0.811125006 -0.064295110 0.574017533
1403715281.112143040 -0.304858453 -0.068811206 0.306451834 -0.097489439 -0.810862116 -0.067366366 0.573114483
1403715281.162142992 -0.315368819 -0.072436132 0.308876423 -0.101984723 -0.810731857 -0.070208599 0.572174558
1403715281.212142944 -0.324070704 -0.075689211 0.312615719 -0.106437575 -0.809874766 -0.073245575 0.572196637
1403715281.262142897 -0.332427721 -0.078740658 0.314427019 -0.111742037 -0.808341587 -0.076242159 0.572961367
1403715281.312143087 -0.341168452 -0.081624188 0.313492321 -0.116895593 -0.807575862 -0.079405257 0.572583140
1403715281.362143040 -0.352137769 -0.084591546 0.312858728 -0.122540269 -0.807975613 -0.083564670 0.570242262
1403715281.412142992 -0.361042912 -0.086621206 0.310115355 -0.128964024 -0.807209548 -0.088519735 0.569161912
1403715281.462142944 -0.368783682 -0.088671350 0.309588213 -0.135971413 -0.805224885 -0.094183352 0.569433188
1403715281.512142897 -0.378362949 -0.089968672 0.308588407 -0.144317398 -0.803636782 -0.100833719 0.568483045
1403715281.562143087 -0.387229876 -0.090740472 0.309017772 -0.153380506 -0.801698530 -0.108033591 0.567523242
1403715281.612143040 -0.396962897 -0.092234122 0.306670638 -0.162891781 -0.799425891 -0.116086664 0.566487775
1403715281.662142992 -0.408040929 -0.091851007 0.307534898 -0.175028510 -0.798580391 -0.123328322 0.562516227
1403715281.712142944 -0.416967339 -0.096723209 0.308364534 -0.185715000 -0.795760055 -0.131845062 0.561153057
1403715281.762142897 -0.428194633 -0.101092274 0.310115045 -0.198352860 -0.793498427 -0.139515087 0.558168370
1403715281.812143087 -0.438772309 -0.105307099 0.308313939 -0.210265558 -0.790227746 -0.148384551 0.556156929
1403715281.862143040 -0.449835828 -0.106971591 0.306935112 -0.223178230 -0.786464775 -0.156487170 0.554234969
1403715281.912142992 -0.461801079 -0.108185270 0.304797400 -0.236030064 -0.782957214 -0.164527307 0.551541997
1403715281.962142944 -0.472412160 -0.109317930 0.301738424 -0.247929480 -0.778745820 -0.172732627 0.549772098
1403715282.012142897 -0.485270975 -0.109814375 0.298919302 -0.259623360 -0.775798876 -0.180674721 0.545974780
1403715282.062143087 -0.496984769 -0.110004679 0.296834881 -0.271679460 -0.771501911 -0.187817542 0.543782717
1403715282.112143040 -0.509674062 -0.110582192 0.294913162 -0.281268178 -0.767799640 -0.196677777 0.541008111
1403715282.162142992 -0.523589326 -0.110160519 0.293509743 -0.293216280 -0.764037557 -0.203377425 0.537502045
1403715282.212142944 -0.536279236 -0.110511693 0.289847421 -0.302428028 -0.759410195 -0.211779753 0.535707737
1403715282.262142897 -0.552599611 -0.110510309 0.283561503 -0.312547270 -0.756885315 -0.219586246 0.530302464
1403715282.312143087 -0.566747758 -0.109703400 0.278500130 -0.324312531 -0.752288852 -0.225637476 0.527229167
1403715282.362143040 -0.580752830 -0.110525498 0.275984444 -0.333282830 -0.747626492 -0.233595146 0.524795667
1403715282.412142992 -0.594891218 -0.109834297 0.272040194 -0.342878933 -0.744597076 -0.240811491 0.519633580
1403715282.462142944 -0.609520069 -0.110576857 0.267655967 -0.353215512 -0.739473965 -0.247231866 0.517004315
1403715282.512142897 -0.625873677 -0.111372595 0.262568114 -0.362345148 -0.734645751 -0.253955130 0.514303808
1403715282.562143087 -0.640668116 -0.111781449 0.258118092 -0.371913833 -0.729304008 -0.260091445 0.512004105
1403715282.612143040 -0.658063947 -0.108158630 0.254719492 -0.382596879 -0.724635948 -0.264914700 0.508274111
1403715282.662142992 -0.678032127 -0.107570108 0.245876892 -0.391263369 -0.719017283 -0.271417398 0.506221017
1403715282.712142944 -0.697531566 -0.108112330 0.236549485 -0.399932380 -0.712625921 -0.278276860 0.504757741
1403715282.762142897 -0.716620594 -0.107501750 0.228711033 -0.409142364 -0.705509724 -0.284262767 0.504036938
1403715282.812143087 -0.734524374 -0.103997765 0.221658343 -0.419087768 -0.699739964 -0.289221163 0.501079379
1403715282.862143040 -0.751716714 -0.101782183 0.214595971 0.428077815 0.694333251 0.293778151 -0.498342371
1403715282.962142944 -0.785782464 -0.099236938 0.205641949 0.447093583 0.681639849 0.303116959 -0.493552989
1403715283.012142897 -0.803790210 -0.099911720 0.199227369 0.455134562 0.675336084 0.309022191 -0.491201577
1403715283.062143087 -0.821706950 -0.099176718 0.190877014 0.463625018 0.669226194 0.313877195 -0.488537870
1403715283.112143040 -0.840468962 -0.098767374 0.180857203 0.471708147 0.663438993 0.319581453 -0.484982289
1403715283.212142944 -0.876197318 -0.098320053 0.161707297 0.488876112 0.653269408 0.326949326 -0.476805376
1403715283.262142897 -0.892666113 -0.098050430 0.156737950 0.496321921 0.647121211 0.332154924 -0.473890067
1403715283.312143087 -0.908566781 -0.097625732 0.150347498 0.504298865 0.641143625 0.336182274 -0.470743014
1403715283.362143040 -0.922893475 -0.098166862 0.144174919 0.511672921 0.635284157 0.340606937 -0.467537994
1403715283.462142944 -0.946915555 -0.108370868 0.133489789 0.521423265 0.627211761 0.347122513 -0.462848946
1403715283.512142897 -0.959921064 -0.108909595 0.127295831 0.528283835 0.623023636 0.350694739 -0.458007575
1403715283.562143087 -0.969319386 -0.110964409 0.122879265 0.533854621 0.618188073 0.354918868 -0.454835517
1403715283.662142992 -0.989108760 -0.117235866 0.111770252 0.541844151 0.612596343 0.361711973 -0.447543390
1403715283.712142944 -0.996382776 -0.113696441 0.109351688 0.546074699 0.610236068 0.363658562 -0.444034700
1403715283.762142897 -1.006957658 -0.111047022 0.106015308 0.550740039 0.608864235 0.364061950 -0.439805240
1403715283.812143087 -1.019349002 -0.110497324 0.100701626 0.552644639 0.607029211 0.366225259 -0.438153510
1403715283.912142992 -1.042878703 -0.115492630 0.092788751 0.554008995 0.606538874 0.366928716 -0.436517979
1403715283.962142944 -1.055032216 -0.110922366 0.088426983 0.557058073 0.604285274 0.366147853 -0.436418790
1403715284.012142897 -1.066502516 -0.107852709 0.083068960 0.559565517 0.603215504 0.364755599 -0.435856445
1403715284.112143040 -1.089111061 -0.103643683 0.077275761 0.561851639 0.599891521 0.362656915 -0.439241233
1403715284.162142992 -1.100996235 -0.101203100 0.061491855 0.560126199 0.601379067 0.364057115 -0.438251384
1403715284.212142944 -1.112111455 -0.096679922 0.046053020 0.560589533 0.602171783 0.363271842 -0.437220870
1403715284.312143087 -1.133825175 -0.087360781 0.026770147 0.561559763 0.602128610 0.358727688 -0.439779736
1403715284.362143040 -1.144083831 -0.083703433 0.013075319 0.559705811 0.604673114 0.358609676 -0.438747000
1403715284.412142992 -1.152180907 -0.078566976 0.015499483 0.557911581 0.604243509 0.359343482 -0.441017814
1403715284.512142897 -1.165811734 -0.062703125 0.020723489 0.554823599 0.607602022 0.360852479 -0.439062690
1403715284.562143087 -1.172448461 -0.048348542 0.027155022 0.555025074 0.606421342 0.362343600 -0.439212293
1403715284.612143040 -1.177798538 -0.038131462 0.027265307 0.552633671 0.607612289 0.364416357 -0.438866779
1403715284.712142944 -1.187287783 -0.017608542 0.027478665 0.549434861 0.608728370 0.366812286 -0.439340246
1403715284.762142897 -1.190104289 0.006688889 0.028013725 0.551900527 0.601255784 0.371161615 -0.442872833
1403715284.812143087 -1.195610710 0.008020308 0.021449740 0.548331479 0.603277336 0.373415898 -0.442661962
1403715284.912142992 -1.206735384 0.026234860 0.016532237 0.553044263 0.597013704 0.377938738 -0.441451007
1403715284.962142944 -1.211183408 0.035520741 0.014017010 0.558459344 0.593109210 0.380464881 -0.437711207
1403715285.012142897 -1.215112700 0.037825398 0.010594098 0.562154698 0.586770987 0.383254824 -0.439087285
1403715285.112143040 -1.220348521 0.040172683 0.008492819 0.572330271 0.574784869 0.390228441 -0.435639965
1403715285.162142992 -1.220628276 0.031313334 0.010442595 0.577796544 0.573143407 0.389118389 -0.431560734
1403715285.262142897 -1.224697338 0.035110217 0.011998686 0.591634868 0.559132572 0.395350160 -0.425484667
1403715285.312143087 -1.227277947 0.027308860 0.013375217 0.595876560 0.554580911 0.395521605 -0.425363137
1403715285.362143040 -1.229222653 0.027322283 0.015559907 0.602144728 0.550554789 0.395293986 -0.421964234
1403715285.462142944 -1.231261187 0.034418987 0.036760243 0.613594969 0.544558440 0.394081916 -0.414314812
1403715285.512142897 -1.231897757 0.038322800 0.045568339 0.614771332 0.542703745 0.397299627 -0.411924581
1403715285.612143040 -1.225336966 0.045393894 0.080515343 0.621937845 0.537936778 0.394411203 -0.410191593
1403715285.662142992 -1.223275822 0.048493554 0.092393769 0.620924544 0.540018963 0.397646201 -0.405844464
1403715285.762142897 -1.212221950 0.056521848 0.135027434 0.623487370 0.537830201 0.398901679 -0.403583479
1403715285.812143087 -1.203699532 0.062087780 0.154376261 0.624829468 0.538370558 0.398360187 -0.401315884
1403715285.862143040 -1.192971403 0.067056894 0.181469431 0.625907654 0.537783673 0.397951526 -0.400827784
1403715285.912142992 -1.181537476 0.071520956 0.205729409 0.625027042 0.538145097 0.399969407 -0.399706798
1403715286.012142897 -1.154515489 0.082740015 0.254910533 0.626037514 0.538808297 0.399627505 -0.397568242
1403715286.062143087 -1.144691173 0.089430066 0.267581229 0.623589136 0.541430151 0.403656586 -0.393765593
1403715286.162142992 -1.126223136 0.103291053 0.284365454 0.621998178 0.542593885 0.406615393 -0.391630010
1403715286.212142944 -1.120959453 0.108877226 0.285238024 0.620023142 0.543468025 0.409192027 -0.390865314
1403715286.312143087 -1.101499787 0.128673525 0.300630030 0.619869563 0.543381428 0.410090889 -0.390286832
1403715286.362143040 -1.089881340 0.144591943 0.319700897 0.621721269 0.540625554 0.410430151 -0.390811675
1403715286.412142992 -1.078276863 0.159143690 0.332066491 0.622416604 0.539346514 0.411181392 -0.390682444
1403715286.512142897 -1.056949421 0.185318331 0.351915882 0.621997523 0.540924439 0.413149994 -0.387074818
1403715286.562143087 -1.047201468 0.205781481 0.364679693 0.624461712 0.537783942 0.416207316 -0.384197178
1403715286.662142992 -1.026237251 0.228804456 0.383167104 0.625438438 0.534712368 0.418547961 -0.384352765
1403715286.712142944 -1.018155112 0.242537762 0.388718878 0.626148909 0.534673744 0.420298544 -0.381327504
1403715286.762142897 -1.008947028 0.255826695 0.393780808 0.627843562 0.531719939 0.423284072 -0.379363891
1403715286.812143087 -0.997861945 0.263124250 0.401855406 0.629981546 0.526924389 0.426345870 -0.379081969
1403715286.912142992 -0.977220936 0.278555945 0.414059087 0.634119320 0.520303613 0.430000522 -0.377195426
1403715286.962142944 -0.969855011 0.289105689 0.414813010 0.635699782 0.517764072 0.433197924 -0.374360402
1403715287.012142897 -0.961514997 0.302864235 0.419970583 0.637842139 0.515899649 0.435011109 -0.371174208
1403715287.112143040 -0.944694756 0.325173882 0.436678040 0.639540828 0.510136311 0.438001745 -0.372696854
1403715287.162142992 -0.938263197 0.343830868 0.448981196 0.642291376 0.508497207 0.437732468 -0.370516756
1403715287.212142944 -0.929838499 0.364234159 0.457116371 0.644130008 0.505678979 0.438540611 -0.370226195
1403715287.262142897 -0.924114159 0.382996672 0.462121427 0.644197184 0.503301852 0.441417746 -0.369929193
1403715287.312143087 -0.918678070 0.405404749 0.462938094 0.644964462 0.500123701 0.443714484 -0.370154811
1403715287.362143040 -0.909824388 0.432195829 0.469780918 0.649597105 0.494850536 0.443537102 -0.369352660
1403715287.462142944 -0.906692541 0.468208011 0.479774272 0.651997421 0.490547543 0.442889873 -0.371632926
1403715287.512142897 -0.905147864 0.485250606 0.480278078 0.653681506 0.486967526 0.444690886 -0.371231913
1403715287.562143087 -0.904926873 0.501382582 0.480890931 0.656001415 0.482479436 0.446915110 -0.370327723
1403715287.612143040 -0.904729462 0.515056788 0.485617122 0.660484501 0.476746282 0.447390052 -0.369209085
1403715287.662142992 -0.908465206 0.526791546 0.491371203 0.664022054 0.470990646 0.449991051 -0.367083882
1403715287.712142944 -0.903723555 0.540512785 0.493789227 0.669762750 0.463335144 0.455040959 -0.360105718
1403715287.762142897 -0.905745643 0.557924378 0.504386980 0.674925589 0.456497000 0.457021799 -0.356674940
1403715287.812143087 -0.901028634 0.566873035 0.518461588 0.679101948 0.448723843 0.460856063 -0.353665302
1403715287.862143040 -0.891340568 0.578112119 0.532776198 0.685093090 0.441057202 0.462984185 -0.348943615
1403715287.912142992 -0.882563384 0.583629906 0.544286784 0.689114497 0.434293754 0.466895344 -0.344265716
1403715287.962142944 -0.872980248 0.591545769 0.555241344 0.694525198 0.426766806 0.470980327 -0.337168169
1403715288.012142897 -0.865751537 0.594821243 0.568512583 0.699428522 0.419479582 0.474598166 -0.331048642
1403715288.062143087 -0.859217202 0.597558036 0.579656618 0.703215666 0.411608195 0.479878825 -0.325242578
1403715288.112143040 -0.852765300 0.602502999 0.588873822 0.708118220 0.404180698 0.483151574 -0.319015841
1403715288.162142992 -0.847024290 0.607527834 0.592968630 0.712256276 0.396979444 0.486109633 -0.314317902
1403715288.212142944 -0.838443772 0.613560784 0.595906341 0.716327721 0.390086673 0.488637798 -0.309741968
1403715288.262142897 -0.832464029 0.617266067 0.595567475 0.718721246 0.384308967 0.491522290 -0.306842349
1403715288.312143087 -0.821162006 0.622301956 0.595930622 0.721341422 0.380032241 0.493219555 -0.303276308
1403715288.362143040 -0.810813997 0.627162305 0.591818780 0.723443482 0.376450806 0.494620257 -0.300441542
1403715288.412142992 -0.795124880 0.636783964 0.578124971 0.726103920 0.374078020 0.494157188 -0.297737143
1403715288.462142944 -0.780522921 0.643932467 0.565514947 0.727069956 0.371173843 0.495452949 -0.296859618
1403715288.512142897 -0.767949881 0.650357111 0.553602662 0.727301234 0.370842002 0.496204779 -0.295448712
1403715288.562143087 -0.757478988 0.656127972 0.547619740 0.728718355 0.369980040 0.495204998 -0.294713995
1403715288.612143040 -0.750577692 0.660823501 0.544074386 0.729098729 0.369427011 0.495487754 -0.293990837
1403715288.662142992 -0.743823891 0.665543953 0.543475943 0.730276111 0.369633603 0.494661124 -0.292195438
1403715288.712142944 -0.735264039 0.668695504 0.548030302 0.730030269 0.368201740 0.496304064 -0.291831392
1403715288.762142897 -0.723309231 0.671320192 0.560919675 0.731066026 0.368499429 0.495784154 -0.289739036
1403715288.862143040 -0.704070232 0.672901207 0.579021254 0.731877018 0.370775932 0.495459829 -0.285308249
1403715288.912142992 -0.694808017 0.671276634 0.585886614 0.732334243 0.370128213 0.497247412 -0.281845123
1403715288.962142944 -0.688378032 0.667316310 0.585884408 0.731830625 0.369358925 0.500015652 -0.279253056
1403715289.012142897 -0.680963401 0.664900768 0.581208099 0.733385555 0.367840788 0.500400261 -0.276474884
1403715289.062143087 -0.674484985 0.662763580 0.572128848 0.735302526 0.365905582 0.500978902 -0.272879901
1403715289.112143040 -0.667855964 0.660676494 0.559378867 0.737267369 0.362606649 0.502825466 -0.268551292
1403715289.162142992 -0.655685659 0.662746382 0.547027394 0.741602326 0.358474522 0.502295573 -0.263099152
1403715289.212142944 -0.647332589 0.662802519 0.532322570 0.743449682 0.354858705 0.504283110 -0.258952535
1403715289.262142897 -0.638271442 0.664075223 0.515725227 0.746054722 0.350946641 0.505254532 -0.254865974
1403715289.362143040 -0.627420155 0.662468678 0.485466510 0.749469727 0.344220929 0.509182021 -0.246050301
1403715289.412142992 -0.622897731 0.662689028 0.471457164 0.753061066 0.339779481 0.509221243 -0.241127892
1403715289.462142944 -0.616348258 0.662549202 0.456767138 0.757170851 0.333815715 0.508914348 -0.237203621
1403715289.512142897 -0.614671797 0.661311178 0.441582738 0.759385764 0.329142212 0.510618354 -0.232953991
1403715289.562143087 -0.615681278 0.656582458 0.420784852 0.760816034 0.326429124 0.511387563 -0.230403449
1403715289.662142992 -0.604103032 0.663189596 0.383233024 0.768075426 0.313515016 0.512770321 -0.220986588
1403715289.712142944 -0.600608880 0.666257072 0.365871536 0.771076649 0.307724909 0.512204190 -0.219984202
1403715289.762142897 -0.595225304 0.672042894 0.349853173 0.773409073 0.304102946 0.511987680 -0.217321006
1403715289.812143087 -0.590708065 0.678417953 0.334682497 0.775017971 0.301581516 0.511724192 -0.215717606
1403715289.862143040 -0.585906657 0.688883359 0.321550944 0.775604347 0.300109539 0.512147337 -0.214656158
1403715289.912142992 -0.582389968 0.698381064 0.310099322 0.774799957 0.299157599 0.513394242 -0.215907645
1403715289.962142944 -0.574021986 0.710195691 0.300792190 0.775880207 0.299995846 0.511775519 -0.214704948
1403715290.012142897 -0.566586867 0.720074133 0.297020822 0.776473179 0.300602645 0.510060130 -0.215791833
1403715290.062143087 -0.558383496 0.733032392 0.294611681 0.776538748 0.301931352 0.508850134 -0.216556164
1403715290.112143040 -0.549108002 0.746446830 0.296688616 0.776254732 0.303296843 0.507917747 -0.217851276
1403715290.162142992 -0.536765339 0.759671039 0.304930484 0.777813359 0.303489844 0.504157962 -0.220737497
1403715290.212142944 -0.531780033 0.772497172 0.310164471 0.776686184 0.307438582 0.503548043 -0.220634218
1403715290.312143087 -0.524365648 0.798943463 0.320957148 0.773981656 0.313503254 0.503020336 -0.222797324
1403715290.362143040 -0.519656153 0.813206162 0.328446943 0.773200332 0.314522107 0.502897226 -0.224346764
1403715290.412142992 -0.513568902 0.828919157 0.335284438 0.774418296 0.314555214 0.499830322 -0.226938249
1403715290.462142944 -0.507712191 0.846560232 0.338137956 0.774512767 0.315658771 0.498798483 -0.227353442
1403715290.512142897 -0.501772154 0.863406685 0.343069000 0.772822845 0.316717131 0.499937592 -0.229123359
1403715290.612143040 -0.483404981 0.900166800 0.354214128 0.770772807 0.315258420 0.501624551 -0.234295155
1403715290.662142992 -0.473430045 0.921038544 0.358520465 0.771649584 0.313707781 0.500495957 -0.235898589
1403715290.712142944 -0.461703533 0.942229830 0.363015923 0.771124402 0.312188369 0.501933910 -0.236575420
1403715290.762142897 -0.453166962 0.961020780 0.369230164 0.768734437 0.310825281 0.505552305 -0.238436317
1403715290.812143087 -0.442238115 0.981368876 0.373652895 0.768019693 0.308191085 0.507319581 -0.240397271
1403715290.862143040 -0.431237620 1.001404120 0.379722715 0.768821895 0.305088811 0.507010311 -0.242434024
1403715290.912142992 -0.419288123 1.022818563 0.386752620 0.769602014 0.301327807 0.507684227 -0.243250937
1403715290.962142944 -0.411040152 1.043943114 0.384541890 0.770070946 0.298843785 0.508192199 -0.243770012
1403715291.012142897 -0.404237410 1.065210145 0.382394863 0.769667495 0.296191106 0.509678401 -0.245174844
1403715291.112143040 -0.387015310 1.107441214 0.381442362 0.771985547 0.286745543 0.508821398 -0.250830806
1403715291.162142992 -0.379291692 1.129697312 0.374027469 0.773267613 0.283298699 0.508819962 -0.250801299
1403715291.212142944 -0.366910052 1.148964096 0.373305989 0.775504873 0.277650937 0.508218095 -0.251428949
1403715291.262142897 -0.354851234 1.167519971 0.372351167 0.777201916 0.274236314 0.508304820 -0.249755552
1403715291.312143087 -0.342843763 1.183675011 0.373063659 0.778972179 0.270490977 0.508348567 -0.248231162
1403715291.362143040 -0.328198329 1.199316990 0.371033962 0.780808987 0.265891605 0.508957645 -0.246172897
1403715291.412142992 -0.317043492 1.209531154 0.372823869 0.782235899 0.261847718 0.509065587 -0.245753939
1403715291.512142897 -0.291172234 1.228221203 0.370807045 0.786039716 0.255454904 0.508624505 -0.241216646
1403715291.562143087 -0.276741541 1.237050362 0.362427811 0.788226580 0.253665849 0.508705681 -0.235735076
1403715291.612143040 -0.263356024 1.246294935 0.354510765 0.789916572 0.251325142 0.509209128 -0.231459602
1403715291.662142992 -0.248875656 1.254918144 0.343882351 0.790611896 0.250355726 0.510971797 -0.226191651
1403715291.712142944 -0.229824553 1.261214280 0.339331278 0.793256546 0.247090535 0.509022524 -0.224914184
1403715291.762142897 -0.205673504 1.267149450 0.333617727 0.795240314 0.245484418 0.508841241 -0.220024623
1403715291.812143087 -0.186270018 1.270134976 0.332532249 0.796979901 0.246010205 0.506762017 -0.217931813
1403715291.862143040 -0.163636644 1.273772070 0.335025514 0.797088612 0.247292292 0.508001772 -0.213144241
1403715291.912142992 -0.144671636 1.273531400 0.339430394 0.796841033 0.250523152 0.506997181 -0.212688451
1403715291.962142944 -0.126363477 1.280155389 0.330310323 0.796398135 0.253259027 0.507865255 -0.209004207
1403715292.012142897 -0.107403484 1.286477429 0.318150916 0.796057570 0.256655944 0.508210350 -0.205285925
1403715292.062143087 -0.087499983 1.293694292 0.307643844 0.796501724 0.259387209 0.507027438 -0.203042994
1403715292.162142992 -0.042759000 1.311698505 0.288634768 0.794804155 0.265572097 0.506930734 -0.201938228
1403715292.212142944 -0.020311670 1.323334464 0.274755538 0.793109281 0.271735727 0.505939861 -0.202884747
1403715292.262142897 0.001619711 1.333503411 0.268276140 0.789941877 0.277697281 0.505641142 -0.207853522
1403715292.312143087 0.023726257 1.344318468 0.264238796 0.785882951 0.284278620 0.506141065 -0.213060735
1403715292.362143040 0.040739020 1.356291059 0.262770689 0.777811195 0.293677247 0.509965472 -0.220677674
1403715292.412142992 0.066783778 1.372240540 0.258949006 0.771858858 0.301929973 0.511506618 -0.226788831
1403715292.512142897 0.120844818 1.409326811 0.231687152 0.763794269 0.320471772 0.506916896 -0.238644964
1403715292.562143087 0.145976833 1.427819525 0.225251426 0.755874839 0.330414176 0.508701250 -0.246379257
1403715292.612143040 0.173033193 1.448003157 0.212743660 0.748516986 0.341721841 0.508437851 -0.253849279
1403715292.662142992 0.199641838 1.468264995 0.201720807 0.740279338 0.352250462 0.508619115 -0.263083085
1403715292.712142944 0.229703951 1.483515444 0.196915151 0.734236984 0.363127674 0.505192552 -0.271688844
1403715292.762142897 0.254829490 1.501355267 0.195505879 0.726003882 0.374129398 0.504087356 -0.280787276
1403715292.812143087 0.278199515 1.520235063 0.192647706 0.718211899 0.385087309 0.502299637 -0.289092558
1403715292.862143040 0.298847575 1.537005211 0.198297230 0.710805875 0.395657033 0.499269940 -0.298228179
1403715292.912142992 0.316857059 1.555648530 0.199628657 0.705425429 0.406278145 0.493946541 -0.305499342
1403715292.962142944 0.329515434 1.573796870 0.207536800 0.699276649 0.416739437 0.488881928 -0.313583914
1403715293.012142897 0.340121680 1.592751113 0.214861367 0.692912243 0.426598470 0.483307862 -0.322954917
1403715293.062143087 0.355917933 1.610502064 0.223953818 0.687332549 0.435248578 0.478032412 -0.331085571
1403715293.162142992 0.372021661 1.651476969 0.248126172 0.676398183 0.451453122 0.465533436 -0.349219410
1403715293.212142944 0.386886957 1.666201848 0.274901481 0.670121881 0.457848880 0.461893970 -0.357721998
1403715293.262142897 0.397671079 1.684730038 0.289188854 0.664019826 0.465204917 0.457155639 -0.365610144
1403715293.312143087 0.409249263 1.703218644 0.298847762 0.658672763 0.473059643 0.452085279 -0.371461525
1403715293.362143040 0.418049864 1.721730639 0.308514410 0.652679051 0.480174379 0.448107860 -0.377679716
1403715293.412142992 0.427282468 1.744921912 0.306951528 0.648642300 0.488184900 0.442657586 -0.380779374
1403715293.462142944 0.430706060 1.763828940 0.317196763 0.642025382 0.494129371 0.440043456 -0.387300052
1403715293.512142897 0.431043430 1.780603760 0.335560329 0.635449620 0.500662531 0.437313753 -0.392807195
1403715293.562143087 0.433966520 1.795299083 0.350858782 0.629819230 0.507584184 0.433884707 -0.396774614
1403715293.612143040 0.440127930 1.805782245 0.368000577 0.624915856 0.513850653 0.430006773 -0.400664267
1403715293.662142992 0.446826467 1.814295671 0.388668500 0.619677264 0.521078580 0.426031323 -0.403701020
1403715293.762142897 0.466351291 1.833323509 0.423743942 0.610174254 0.533704537 0.417205135 -0.410836613
1403715293.812143087 0.477005183 1.843591037 0.445006538 0.604476919 0.540988339 0.413323937 -0.413645495
1403715293.862143040 0.487907231 1.851479705 0.462362474 0.599502131 0.547103664 0.408547934 -0.417568391
1403715293.912142992 0.499399529 1.857832127 0.482382133 0.593460584 0.553488504 0.404448859 -0.421753638
1403715293.962142944 0.513456993 1.865339690 0.496557248 0.587564398 0.559609335 0.400404958 -0.425771465
1403715294.012142897 0.525996819 1.873856181 0.508118487 0.581513646 0.566033159 0.395365154 -0.430272864
1403715294.062143087 0.540325402 1.879496217 0.521182664 0.575470764 0.571307625 0.390798884 -0.435565413
1403715294.162142992 0.562728177 1.897691913 0.530706991 0.562085188 0.583722302 0.381136332 -0.445043382
1403715294.212142944 0.573195207 1.905761083 0.536670302 0.554159427 0.589602408 0.377562521 -0.450247568
1403715294.262142897 0.584317189 1.913773541 0.535566797 0.547278441 0.595422162 0.372683582 -0.455044729
1403715294.312143087 0.597184115 1.922938657 0.531042710 0.540392215 0.601642849 0.367032529 -0.459662113
1403715294.412142992 0.610049003 1.944647865 0.503092056 0.526581668 0.617799841 0.353897572 -0.464533757
1403715294.462142944 0.619426441 1.948930680 0.489044430 0.517916861 0.623794090 0.350434724 -0.468869452
1403715294.512142897 0.634027605 1.952467351 0.470515484 0.510345148 0.629564709 0.346183729 -0.472602298
1403715294.562143087 0.647389818 1.955191670 0.454145209 0.502859855 0.636332812 0.340561986 -0.475636471
1403715294.612143040 0.661935138 1.955423147 0.434591956 0.495328341 0.643294762 0.334944383 -0.478156820
1403715294.662142992 0.676091844 1.955699038 0.421942883 0.486189883 0.650594103 0.331189831 -0.480270764
1403715294.712142944 0.694399025 1.952023536 0.421826348 0.475593492 0.654241385 0.329134160 -0.487288155
1403715294.762142897 0.708294884 1.953658959 0.405571001 0.467162899 0.660746271 0.324192138 -0.489972089
1403715294.862143040 0.728981045 1.960764749 0.372321688 0.450472891 0.676131860 0.313465565 -0.491588468
1403715294.912142992 0.738534135 1.964788288 0.358178300 0.442040000 0.681084761 0.308199699 -0.495718804
1403715294.962142944 0.747276441 1.968784380 0.341708658 0.433189652 0.685706893 0.303576671 -0.499993988
1403715295.012142897 0.755751960 1.973760100 0.324688489 -0.424859939 -0.689615946 -0.298050350 0.505064221
1403715295.062143087 0.759159158 1.977577234 0.318765052 -0.415495874 -0.695148514 -0.293428959 0.507967683
1403715295.112143040 0.758458201 1.983935509 0.313399720 -0.407496644 -0.700670993 -0.286784131 0.510648124
1403715295.212142944 0.766230681 1.992094815 0.303408745 -0.391800658 -0.707078734 -0.274028273 0.520999438
1403715295.262142897 0.775056598 1.993282884 0.299544570 -0.384160319 -0.710752135 -0.266768268 0.525439762
1403715295.312143087 0.784210049 1.993220452 0.298298990 -0.375012165 -0.714777741 -0.260921914 0.529507707
1403715295.362143040 0.803344649 1.988207924 0.296832045 -0.367621156 -0.718441441 -0.255614106 0.532313827
1403715295.412142992 0.815270903 1.985756810 0.290674097 -0.359030941 -0.722620865 -0.249476001 0.535422817
1403715295.462142944 0.830486687 1.981380286 0.292242377 -0.350358134 -0.726385895 -0.243710311 0.538718845
1403715295.562143087 0.853817983 1.968979599 0.285959195 -0.335103888 -0.734109168 -0.236058103 0.541355416
1403715295.612143040 0.869709153 1.971197418 0.284623678 -0.326128631 -0.737871928 -0.230636166 0.544051553
1403715295.662142992 0.870560340 1.975859485 0.278308172 -0.316898940 -0.739960592 -0.225631276 0.548747585
1403715295.712142944 0.871825101 1.978704653 0.271815055 -0.308925173 -0.741826135 -0.220718453 0.552759068
1403715295.762142897 0.878546814 1.979747552 0.265385241 -0.302866859 -0.744223009 -0.217243610 0.554264370
1403715295.812143087 0.885478018 1.978680903 0.255801877 -0.297949306 -0.746422451 -0.211289171 0.556270278
1403715295.862143040 0.894462233 1.975635315 0.245448410 -0.293400342 -0.747976824 -0.205671987 0.558700227
1403715295.962142944 0.910367239 1.967140372 0.228980174 -0.282581620 -0.751234348 -0.194560338 0.563862446
1403715296.012142897 0.913102409 1.964583086 0.215815999 -0.277593607 -0.753764688 -0.188821521 0.564913283
1403715296.062143087 0.920342401 1.959592050 0.206976474 -0.274457785 -0.756311354 -0.182594394 0.565088796
1403715296.112143040 0.927533180 1.954292015 0.201851576 -0.271817289 -0.759752159 -0.176628330 0.563643904
1403715296.162142992 0.935606129 1.949309707 0.184508340 -0.268566361 -0.763052866 -0.170770141 0.562547768
1403715296.212142944 0.944987662 1.946090825 0.167421667 -0.264319665 -0.766208480 -0.165168047 0.561942342
1403715296.262142897 0.959608348 1.941711983 0.148429581 -0.260739169 -0.769201849 -0.159783690 0.561081789
1403715296.312143087 0.980229878 1.935422052 0.134479685 -0.257000482 -0.773007748 -0.156301959 0.558551226
1403715296.362143040 1.002454104 1.928550712 0.127619541 -0.251532374 -0.775489068 -0.156357882 0.557584418
1403715296.412142992 1.018381921 1.926177057 0.120891672 -0.246302256 -0.779428707 -0.152746003 0.555423035
1403715296.462142944 1.035626641 1.924619297 0.121882613 -0.241833377 -0.782059976 -0.149433658 0.554588490
1403715296.512142897 1.046306137 1.928058221 0.119383577 -0.237643153 -0.784641223 -0.144266486 0.554121885
1403715296.562143087 1.060770398 1.932135655 0.117480509 -0.233220671 -0.786469637 -0.141633808 0.554087983
1403715296.612143040 1.073936662 1.939461843 0.116717809 -0.227643140 -0.788324836 -0.141365428 0.553839661
1403715296.662142992 1.075892714 1.951979122 0.109805960 -0.221644590 -0.788866342 -0.140272156 0.555776297
1403715296.712142944 1.084478671 1.963814033 0.106566595 -0.216220799 -0.788243239 -0.140133545 0.558823542
1403715296.762142897 1.086560813 1.980134019 0.100685878 -0.211885553 -0.789229628 -0.137054655 0.559854560
1403715296.812143087 1.092372690 1.998608029 0.088820828 -0.208712610 -0.790733086 -0.133000390 0.559902785
1403715296.862143040 1.098959589 2.017216161 0.076032258 -0.203709411 -0.790835503 -0.131163400 0.562030112
1403715296.912142992 1.108198045 2.037954978 0.072898151 -0.198580973 -0.792883354 -0.128291112 0.561643102
1403715297.012142897 1.123864506 2.058333537 0.071529592 -0.185231476 -0.795331742 -0.123435338 0.563826603
1403715297.062143087 1.131707847 2.066116326 0.078861848 -0.179406971 -0.798841373 -0.115822824 0.562361692
1403715297.112143040 1.139573723 2.075050193 0.086876636 -0.171732561 -0.800531072 -0.108804512 0.563754831
1403715297.162142992 1.153054973 2.080472257 0.097023923 -0.164235523 -0.803645709 -0.101558562 0.562908631
1403715297.212142944 1.162862203 2.087203885 0.103413573 -0.155284319 -0.808110731 -0.094131965 0.560341861
1403715297.262142897 1.174389772 2.092748606 0.111071829 -0.146085348 -0.811790679 -0.087138149 0.558625015
1403715297.312143087 1.183460900 2.101347411 0.107246288 -0.137123291 -0.814338157 -0.078452552 0.558476290
1403715297.362143040 1.186392676 2.115896724 0.098880304 -0.126166837 -0.816396081 -0.069572976 0.559230694
1403715297.412142992 1.199663931 2.126615402 0.080270835 -0.120186798 -0.819651836 -0.060720038 0.556811528
1403715297.462142944 1.198937941 2.145311098 0.061594519 -0.110367636 -0.821235705 -0.052720515 0.557325263
1403715297.512142897 1.199039591 2.163587810 0.050546523 -0.100100195 -0.821875201 -0.047470187 0.558791273
1403715297.562143087 1.195269968 2.183859615 0.032670232 -0.090764088 -0.819894401 -0.040721696 0.563805636
1403715297.612143040 1.189903254 2.205277219 0.027758811 -0.081922324 -0.820204208 -0.034197838 0.565140954
1403715297.662142992 1.179584947 2.228484689 0.028219409 -0.072834982 -0.820954113 -0.028318945 0.565621293
1403715297.712142944 1.170337477 2.252396682 0.020546041 -0.065738942 -0.819764112 -0.020580835 0.568543421
1403715297.762142897 1.159406956 2.277032109 0.020589478 -0.057931235 -0.819001136 -0.014283760 0.570681247
1403715297.812143087 1.142397723 2.305958895 0.027048613 -0.048940068 -0.816853073 -0.007940096 0.574711129
1403715297.862143040 1.124411581 2.334254689 0.043850837 -0.039159474 -0.815076607 -0.003359439 0.578018490
1403715297.912142992 1.106258432 2.363083806 0.069370237 -0.027376509 -0.813491004 -0.001256205 0.580931438
1403715297.962142944 1.090435219 2.388815133 0.100030800 -0.016882763 -0.810946425 0.001562097 0.584874711
1403715298.012142897 1.075952794 2.414261393 0.122155610 -0.005874038 -0.807416552 0.004756922 0.589933368
1403715298.062143087 1.064606384 2.441205411 0.123152647 0.005343847 -0.802658624 0.008896728 0.596348409
1403715298.112143040 1.059549189 2.466765797 0.113137251 0.015726554 -0.799912952 0.011669851 0.599796431
1403715298.162142992 1.061014720 2.492714692 0.086337307 0.027427926 -0.797991496 0.012266399 0.601919278
1403715298.212142944 1.063981895 2.518703688 0.059322879 0.040468020 -0.796829427 0.011068709 0.602745955
1403715298.262142897 1.069369469 2.544187714 0.040375016 0.053646109 -0.795626139 0.009182543 0.603338067
1403715298.312143087 1.066199220 2.568845876 0.031263134 0.066999496 -0.794436966 0.007676673 0.603590957
1403715298.362143040 1.066195237 2.593111471 0.029983729 0.078180492 -0.794655670 0.005830807 0.601976892
1403715298.412142992 1.064881923 2.617302875 0.033055748 0.087366200 -0.795958094 0.004617002 0.598996279
1403715298.462142944 1.062055231 2.641147899 0.034332707 0.095651729 -0.796038167 0.003272967 0.597631384
1403715298.512142897 1.062113097 2.663578662 0.032211530 0.101926357 -0.796445670 0.002069096 0.596054554
1403715298.562143087 1.055693090 2.685310187 0.022487915 0.107348981 -0.796852466 0.001320816 0.594559164
1403715298.612143040 1.047165235 2.702621667 0.023531191 0.114409082 -0.796323678 -0.002299600 0.593947703
1403715298.662142992 1.042860162 2.718188516 0.004862268 0.113539426 -0.798630804 0.001755630 0.591011468
1403715298.712142944 1.042845186 2.731260394 -0.017872419 0.111759718 -0.800779437 0.006046053 0.588409300
1403715298.762142897 1.035272880 2.742241505 -0.025638435 0.113126323 -0.801447523 0.008197526 0.587211294
1403715298.812143087 1.017378402 2.755948602 -0.019626260 0.114742572 -0.803043738 0.014141052 0.584598091
1403715298.862143040 1.022421685 2.751439345 -0.015126530 0.111322184 -0.805987435 0.018715019 0.581069165
1403715298.912142992 1.026324120 2.744529305 0.013529484 0.108688912 -0.808136947 0.024478509 0.578361650
1403715298.962142944 1.030333570 2.733814268 0.042767524 0.106647391 -0.810884045 0.031561212 0.574540938
1403715299.012142897 1.034781922 2.721164686 0.057720395 0.106355554 -0.813044789 0.038495056 0.571108394
1403715299.062143087 1.043565712 2.705366570 0.071004501 0.106446868 -0.815942889 0.045528751 0.566421574
1403715299.112143040 1.049982618 2.692165964 0.077521914 0.108627563 -0.817032067 0.052216087 0.563854710
1403715299.162142992 1.046918722 2.683457304 0.080356828 0.113826514 -0.817444850 0.059638502 0.561489707
1403715299.212142944 1.052793651 2.669958227 0.083802978 0.117925611 -0.817800441 0.065875804 0.559425032
1403715299.262142897 1.058224314 2.653871956 0.089109802 0.123110141 -0.818449962 0.071241138 0.556694038
1403715299.312143087 1.044561322 2.646603106 0.084710287 0.131641404 -0.815775166 0.079742125 0.557514675
1403715299.362143040 1.036375568 2.633216591 0.077156440 0.139315019 -0.814023730 0.086765819 0.557161005
1403715299.412142992 1.026532206 2.619313885 0.079296509 0.147477854 -0.812532166 0.094161717 0.556035371
1403715299.462142944 1.020709798 2.604083774 0.081602601 0.155703146 -0.810838377 0.101241459 0.555020561
1403715299.512142897 1.011861282 2.589775135 0.079054800 0.164387332 -0.807576144 0.109812367 0.555642710
1403715299.562143087 1.000334868 2.575277731 0.088358547 0.174859898 -0.805417101 0.117328609 0.554040889
1403715299.612143040 0.983704519 2.561843593 0.091154470 0.185576840 -0.801605396 0.125609721 0.554267285
1403715299.662142992 0.973531245 2.545407953 0.096168163 0.195929317 -0.798759472 0.133795979 0.552895691
1403715299.712142944 0.959260526 2.530209539 0.099683361 0.207588025 -0.794058309 0.141723787 0.553437424
1403715299.762142897 0.942328720 2.515421514 0.099074277 0.219964093 -0.790149748 0.149737770 0.552139270
1403715299.812143087 0.929771664 2.497881741 0.106179079 0.231481718 -0.786482748 0.157642024 0.550463526
1403715299.862143040 0.922868970 2.479542888 0.101554985 0.241872992 -0.781759843 0.165396071 0.550448129
1403715299.912142992 0.915592773 2.463001459 0.096093394 0.252938377 -0.776125004 0.172289572 0.551333347
1403715299.962142944 0.903456061 2.447323217 0.097506690 0.264965099 -0.770618499 0.178645629 0.551385859
1403715300.012142897 0.889507640 2.431578846 0.102227706 0.276630376 -0.766188077 0.183000143 0.550402046
1403715300.062143087 0.877302838 2.416803196 0.112634683 0.286095030 -0.761265101 0.187081214 0.551022413
1403715300.112143040 0.857618940 2.406993999 0.112295386 0.293135653 -0.755932716 0.194320075 0.552156613
1403715300.162142992 0.834452351 2.398099070 0.106779186 0.299658802 -0.750910699 0.199598383 0.553622805
1403715300.212142944 0.813448034 2.389490030 0.101985713 0.305559745 -0.747424465 0.202354655 0.554114163
1403715300.262142897 0.793663019 2.379587834 0.111492767 0.311133126 -0.744107099 0.203549144 0.555039233
1403715300.312143087 0.773182305 2.371804103 0.120419294 0.315445852 -0.739906366 0.205742499 0.557406951
1403715300.362143040 0.755181833 2.363414338 0.126353566 0.316715987 -0.737288173 0.209565608 0.558730158
1403715300.412142992 0.738794332 2.354822003 0.139684719 0.317750144 -0.736291498 0.212143858 0.558484252
1403715300.462142944 0.720590838 2.348748900 0.151008947 0.318206570 -0.735522262 0.214642038 0.558283419
1403715300.512142897 0.705307044 2.342029050 0.152106907 0.317729449 -0.734962138 0.216197151 0.558692621
1403715300.562143087 0.690228474 2.338120445 0.151143631 0.316884838 -0.734885075 0.217877558 0.558620888
1403715300.612143040 0.676289897 2.335913682 0.145816539 0.316411817 -0.734248350 0.218171334 0.559610750
1403715300.662142992 0.663822665 2.333853680 0.145762220 0.315794083 -0.734377573 0.217589661 0.560016443
1403715300.712142944 0.654205048 2.331998671 0.150258269 0.314830461 -0.735347289 0.216339307 0.559770890
1403715300.762142897 0.640214767 2.333435701 0.157286571 0.314546298 -0.735901347 0.215269739 0.559614843
1403715300.812143087 0.629784525 2.335206235 0.159300260 0.313877604 -0.735527448 0.213589745 0.561123555
1403715300.862143040 0.620737285 2.338933046 0.157411064 0.312772597 -0.735556572 0.211992272 0.562306952
1403715300.912142992 0.611536129 2.343686551 0.152804329 0.313204596 -0.734239045 0.208830144 0.564965377
1403715300.962142944 0.602047081 2.348458613 0.149580762 0.313721323 -0.733465314 0.205697822 0.566829754
1403715301.012142897 0.593442264 2.354400669 0.151330615 0.314822657 -0.732713490 0.202487852 0.568345234
1403715301.062143087 0.588694440 2.360620853 0.155416168 0.314785101 -0.732642255 0.199450416 0.569530682
1403715301.112143040 0.582314217 2.368900847 0.153882608 0.315073923 -0.730311184 0.197182316 0.573143204
1403715301.162142992 0.577958614 2.376413339 0.159811380 0.315148867 -0.730364181 0.194904049 0.573813355
1403715301.212142944 0.571706077 2.387148119 0.161156412 0.314634525 -0.730543474 0.194782998 0.573908470
1403715301.262142897 0.572787831 2.396731822 0.159001969 0.313813052 -0.731204816 0.194126854 0.573738311
1403715301.312143087 0.574648333 2.406599997 0.156023144 0.314178880 -0.730114658 0.193458178 0.575150547
1403715301.362143040 0.580607096 2.415503204 0.166880363 0.312633300 -0.734446074 0.194138905 0.570227560
1403715301.412142992 0.592903114 2.422335431 0.166903747 0.312482695 -0.735136345 0.193168462 0.569750003
1403715301.462142944 0.609387751 2.429884394 0.163753840 0.311170072 -0.735703364 0.193783285 0.569527686
1403715301.512142897 0.622692570 2.439114210 0.153824183 0.311235841 -0.736416467 0.194588990 0.568294082
1403715301.562143087 0.639705158 2.447385413 0.139495445 0.311356473 -0.737760853 0.193585885 0.566824996
1403715301.612143040 0.661228130 2.453067301 0.122783925 0.312515979 -0.737830126 0.189965697 0.567321339
1403715301.662142992 0.673784588 2.463619751 0.122930796 0.312123498 -0.741411494 0.189760085 0.562920091
1403715301.712142944 0.687727268 2.476028722 0.118402577 0.309329104 -0.746254044 0.191700705 0.557378908
1403715301.762142897 0.702015707 2.487572819 0.105325415 0.308303083 -0.747508086 0.191094463 0.556474417
1403715301.812143087 0.717412420 2.498595855 0.103146163 0.308450215 -0.748673261 0.188725421 0.555634347
1403715301.912142992 0.747120799 2.521292896 0.107430617 0.310426263 -0.750479779 0.182428932 0.554197909
1403715301.962142944 0.766856797 2.530652524 0.108286158 0.309276252 -0.752612606 0.181181148 0.552354828
1403715302.012142897 0.784508225 2.540760580 0.107370718 0.309594150 -0.752803432 0.178640085 0.552744221
1403715302.062143087 0.805899053 2.549704243 0.110341572 0.309589750 -0.753865559 0.175491884 0.552307436
1403715302.112143040 0.822802368 2.560697045 0.096441047 0.309657650 -0.753283684 0.174238345 0.553458969
1403715302.162142992 0.843826576 2.568970867 0.084930256 0.309454692 -0.754234661 0.171505060 0.553130982
1403715302.212142944 0.864494044 2.577397917 0.071895924 0.308253686 -0.755375698 0.170021757 0.552702291
1403715302.262142897 0.881806722 2.587149049 0.036625983 0.303506089 -0.757276096 0.174431477 0.551353452
1403715302.312143087 0.904832681 2.592798443 0.038967914 0.303024520 -0.760473737 0.171805235 0.548031749
1403715302.412142992 0.946139680 2.601871279 0.041832233 0.302288634 -0.761908879 0.166844627 0.547977474
1403715302.462142944 0.970022154 2.604345269 0.049053419 0.300573887 -0.762551588 0.165738589 0.548362228
1403715302.512142897 0.991678183 2.603410835 0.055307859 0.297530766 -0.763541768 0.167415096 0.548134653
1403715302.562143087 1.012968096 2.603670022 0.069586432 0.295058526 -0.766578032 0.168587198 0.544864152
1403715302.612143040 1.037598048 2.601967491 0.083183945 0.292332434 -0.769286962 0.169316332 0.542283412
1403715302.712142944 1.063845113 2.606543115 0.080909536 0.291374417 -0.770516530 0.172614694 0.540008698
1403715302.762142897 1.077376273 2.606190308 0.080161210 0.291008863 -0.772149360 0.173747688 0.537504371
1403715302.812143087 1.086725938 2.607474830 0.067950883 0.290644993 -0.773610350 0.176550499 0.534679751
1403715302.862143040 1.097942169 2.607313932 0.060283394 0.291790650 -0.775442417 0.176872213 0.531284759
1403715302.912142992 1.113222913 2.605720587 0.052430141 0.293619403 -0.776441353 0.177761742 0.528514176
1403715302.962142944 1.131839872 2.606353626 0.035395261 0.300540857 -0.773218260 0.182918542 0.527588403
1403715303.012142897 1.123285566 2.612508520 0.021721920 0.306837487 -0.771853805 0.185095322 0.525197279
1403715303.062143087 1.134610495 2.608870538 0.011374616 0.312476142 -0.770184466 0.188435298 0.523131616
1403715303.112143040 1.154631112 2.601303270 -0.001693225 0.318769648 -0.767762795 0.191583322 0.521749014
1403715303.212142944 1.200194765 2.577597283 -0.005599247 0.334374040 -0.761897826 0.200446080 0.517230193
1403715303.262142897 1.217820363 2.563334376 0.008002993 0.344299220 -0.757166389 0.206586240 0.515246768
1403715303.312143087 1.233601687 2.547754345 0.022804185 0.355677992 -0.751000887 0.212261847 0.514233160
1403715303.412142992 1.261769695 2.516755428 0.010984331 0.373141351 -0.737615893 0.232661627 0.512403059
1403715303.462142944 1.267331014 2.502632925 0.003439069 0.387047344 -0.728215797 0.237659390 0.513238854
1403715303.512142897 1.272733651 2.489538653 -0.011873590 0.396976982 -0.720685349 0.247841096 0.511465243
1403715303.562143087 1.281992724 2.473184425 -0.012022194 0.409232233 -0.712918948 0.253366161 0.509981511
1403715303.612143040 1.292575887 2.457858447 -0.006548064 0.419548588 -0.707129258 0.261304643 0.505635321
1403715303.662142992 1.308544977 2.439387986 -0.006458565 0.428260050 -0.700461377 0.269923603 0.503078957
1403715303.712142944 1.336136657 2.413116349 -0.006608459 0.435805641 -0.695426559 0.275865316 0.500353547
1403715303.812143087 1.357640603 2.378317027 -0.009309782 -0.453098352 0.682317524 -0.294723627 -0.492222169
1403715303.862143040 1.372774444 2.358386521 0.001534924 -0.460150268 0.677465207 -0.303079119 -0.487283975
1403715303.912142992 1.387043627 2.340186604 -0.002180564 -0.465284053 0.672150847 -0.311565394 -0.484407881
1403715303.962142944 1.397180256 2.324235907 -0.003696670 -0.470742189 0.667469282 -0.317375550 -0.481829129
1403715304.012142897 1.409800202 2.308418308 0.001489893 -0.474551415 0.665382070 -0.322182152 -0.477772243
1403715304.062143087 1.419122739 2.296725889 0.003839387 -0.478811082 0.662699532 -0.325477334 -0.475009246
1403715304.112143040 1.427361740 2.286134540 0.002110828 -0.480893998 0.660690974 -0.329429469 -0.472974232
1403715304.162142992 1.446889447 2.269649725 0.011170368 -0.482408217 0.660834724 -0.328638087 -0.471780444
1403715304.212142944 1.445792425 2.265801311 0.005866023 -0.484920013 0.659033146 -0.331961259 -0.469392817
1403715304.312143087 1.460017909 2.251649984 -0.040119555 -0.486673041 0.655189880 -0.331858556 -0.473017411
1403715304.362143040 1.466910629 2.248288796 -0.047118480 -0.487037227 0.656439125 -0.331395799 -0.471231619
1403715304.412142992 1.471243646 2.245324656 -0.052201252 -0.487443752 0.657598282 -0.330316259 -0.469951334
1403715304.462142944 1.470982427 2.246029324 -0.062364498 -0.486289772 0.658153258 -0.331663976 -0.469420445
1403715304.512142897 1.472544117 2.244657801 -0.062824370 -0.486321368 0.658324143 -0.329888370 -0.470398251
1403715304.562143087 1.472796242 2.245752167 -0.064116778 -0.487256927 0.658770311 -0.327025351 -0.470804402
1403715304.612143040 1.475242826 2.245844408 -0.069557256 -0.487313968 0.659321939 -0.324475871 -0.471736247
1403715304.662142992 1.477035762 2.246503927 -0.080091999 -0.486068119 0.659479472 -0.323925350 -0.473177533
1403715304.712142944 1.482086638 2.245828364 -0.088500884 -0.484920951 0.660640955 -0.322052466 -0.474012035
1403715304.762142897 1.482945519 2.248891796 -0.102132497 -0.485317364 0.660922554 -0.319511381 -0.474932533
1403715304.812143087 1.486688435 2.251544422 -0.102034542 -0.484455335 0.663244808 -0.318743833 -0.473087436
1403715304.912142992 1.495658081 2.252921959 -0.132366580 -0.483060280 0.663532184 -0.316022547 -0.475928101
1403715304.962142944 1.501742627 2.253389430 -0.135457419 -0.482705372 0.664871917 -0.314635072 -0.475337385
1403715305.012142897 1.510949029 2.252079903 -0.133203868 -0.482121138 0.665905924 -0.313645392 -0.475136903
1403715305.062143087 1.516056892 2.254226743 -0.131088144 -0.482931849 0.666338377 -0.312465651 -0.474484155
1403715305.112143040 1.524542503 2.254467166 -0.121594861 -0.482166193 0.667707774 -0.312766874 -0.473137372
1403715305.212142944 1.536363013 2.259432571 -0.115870968 -0.482981781 0.668803813 -0.313056787 -0.470558719
1403715305.262142897 1.543586420 2.260233016 -0.117084097 -0.482716070 0.669020221 -0.313934620 -0.469938500
1403715305.312143087 1.545764412 2.263948297 -0.121113036 -0.484536974 0.667377816 -0.313946950 -0.470391416
1403715305.362143040 1.553141909 2.264766506 -0.114929535 -0.485271569 0.668448060 -0.314087037 -0.468014988
1403715305.412142992 1.558088509 2.266784716 -0.112027372 -0.486754291 0.667681375 -0.314296527 -0.467428642
1403715305.462142944 1.567791567 2.265009626 -0.098915344 -0.486578627 0.668175628 -0.316279141 -0.465564254
1403715305.562143087 1.583641303 2.262827052 -0.090522565 -0.489306032 0.664323871 -0.317764070 -0.467203808
1403715305.612143040 1.591308831 2.262129144 -0.079218449 -0.491124980 0.663136550 -0.318405073 -0.466545153
1403715305.662142992 1.601249544 2.259308740 -0.055937270 -0.492674383 0.662411227 -0.318737384 -0.465714289
1403715305.762142897 1.620922285 2.251768623 -0.011181795 -0.492730961 0.662845951 -0.322430481 -0.462482464
1403715305.812143087 1.630815287 2.248000253 0.013689965 -0.493933103 0.663156836 -0.321296227 -0.461542885
1403715305.862143040 1.632088759 2.250381031 0.038492656 -0.495878143 0.662617123 -0.321809801 -0.459871577
1403715305.912142992 1.635037021 2.251499339 0.061377510 -0.496082308 0.663325332 -0.322932961 -0.457838564
1403715305.962142944 1.639743924 2.250593230 0.078340746 -0.494916510 0.663586238 -0.324798752 -0.457402146
1403715306.062143087 1.649129182 2.248360125 0.110307117 -0.494599193 0.664474367 -0.324358971 -0.456767678
1403715306.112143040 1.654000978 2.247531770 0.114040560 -0.492985137 0.665057803 -0.325505293 -0.456847981
1403715306.162142992 1.662839544 2.242791930 0.113727961 -0.489867153 0.666017412 -0.327466600 -0.457402017
1403715306.262142897 1.685455613 2.226627321 0.142172717 -0.480399234 0.670385149 -0.329027988 -0.459935768
1403715306.312143087 1.680120391 2.226829278 0.161271918 -0.476020886 0.671633826 -0.331928148 -0.460582050
1403715306.362143040 1.676983869 2.225628783 0.176672484 -0.470367609 0.673075285 -0.333410819 -0.463207512
1403715306.412142992 1.674452977 2.224357124 0.197697368 -0.463368663 0.674841711 -0.333859335 -0.467350073
1403715306.462142944 1.665671290 2.227165146 0.216311404 -0.456574342 0.676750108 -0.333568167 -0.471467327
1403715306.562143087 1.652790048 2.230394004 0.250468960 -0.444489179 0.680654447 -0.322381573 -0.484983521
1403715306.612143040 1.640287322 2.239834148 0.263675994 -0.435822028 0.682195718 -0.319034133 -0.492834033
1403715306.662142992 1.625528424 2.249752445 0.280723470 0.427811510 -0.684014523 0.313524079 0.500803451
1403715306.712142944 1.609257245 2.261675513 0.305564079 0.420781207 -0.686571185 0.305252403 0.508315015
1403715306.762142897 1.590312140 2.277069727 0.328359729 0.415275907 -0.688587381 0.294385231 0.516459752
1403715306.862143040 1.561954093 2.309911221 0.365612127 0.397390313 -0.691193655 0.276326956 0.536633659
1403715306.912142992 1.543232721 2.334330519 0.394774078 0.390330170 -0.693937610 0.264793950 0.544037790
1403715306.962142944 1.527470663 2.358620995 0.421132951 0.384093627 -0.698033139 0.250796219 0.549839140
1403715307.012142897 1.510062325 2.387709749 0.435771191 0.378176743 -0.701366878 0.236589195 0.555960796
1403715307.062143087 1.497147795 2.416152316 0.440344933 0.371578916 -0.705382916 0.222601063 0.561081828
1403715307.112143040 1.484684023 2.446114504 0.428227108 0.363600843 -0.710673841 0.210796493 0.564182557
1403715307.162142992 1.474488857 2.477820905 0.419130342 0.355739550 -0.718258944 0.198842979 0.563928127
1403715307.212142944 1.464051891 2.510970932 0.418512566 0.343731823 -0.728227035 0.194153138 0.560212798
1403715307.312143087 1.467842811 2.572577656 0.362690771 0.327743177 -0.739729828 0.170281208 0.562484223
1403715307.362143040 1.477911799 2.593888973 0.351285844 0.318670321 -0.747084534 0.159802231 0.561050062
1403715307.412142992 1.486887498 2.619281977 0.330700736 0.307498461 -0.754011235 0.154647063 0.559460490
1403715307.462142944 1.500579327 2.639441658 0.313750129 0.296010978 -0.760175551 0.149297884 0.558767192
1403715307.512142897 1.516090986 2.659918591 0.305279858 0.284576855 -0.766669495 0.144827215 0.557008956
1403715307.562143087 1.533005144 2.673468698 0.302251919 0.272704247 -0.773294715 0.139364821 0.555180262
1403715307.612143040 1.547667068 2.688094325 0.290022218 0.261071796 -0.777913074 0.134864833 0.555431583
1403715307.662142992 1.563754798 2.701661515 0.292534020 0.249434762 -0.783983339 0.129277395 0.553570030
1403715307.712142944 1.568367191 2.722137695 0.284536690 0.239642370 -0.788449293 0.123342223 0.552906812
1403715307.762142897 1.582912769 2.737885397 0.272637849 0.227691534 -0.792954224 0.116821967 0.552931091
1403715307.812143087 1.587558479 2.758478032 0.253964000 0.217704993 -0.795726253 0.109732644 0.554421332
1403715307.862143040 1.591441261 2.776761264 0.232237597 0.207668089 -0.797474188 0.102259138 0.557182155
1403715307.912142992 1.592701807 2.792696704 0.222610556 0.198179810 -0.800880197 0.094375910 0.557143483
1403715307.962142944 1.581940763 2.814255660 0.195341907 0.189381749 -0.801851101 0.089015082 0.559683553
1403715308.012142897 1.584851149 2.823568584 0.186497553 0.179206923 -0.804511089 0.080495929 0.560506192
1403715308.062143087 1.586562910 2.834105321 0.176809064 0.169354483 -0.806313569 0.071953814 0.562138895
1403715308.112143040 1.585502796 2.844851084 0.164086895 0.160089107 -0.807350693 0.064082368 0.564313553
1403715308.162142992 1.585610817 2.852754815 0.146641789 0.150255515 -0.809067549 0.058037222 0.565212051
1403715308.212142944 1.581075492 2.862039549 0.128544039 0.141984504 -0.809854004 0.053019415 0.566714950
1403715308.262142897 1.578293151 2.868742982 0.109194469 0.133438874 -0.811075896 0.048446314 0.567453005
1403715308.312143087 1.571752599 2.877523548 0.087895061 0.125690494 -0.811761070 0.044185868 0.568589020
1403715308.362143040 1.567255382 2.882809350 0.074488017 0.118579963 -0.812380954 0.040131937 0.569530865
1403715308.412142992 1.564491709 2.885853655 0.063105214 0.111859256 -0.813018996 0.036427671 0.570228589
1403715308.462142944 1.560895517 2.888318126 0.059655741 0.106399591 -0.813949299 0.034007769 0.570095727
1403715308.512142897 1.564975001 2.885909951 0.054757445 0.100701367 -0.813878691 0.032215215 0.571334308
1403715308.562143087 1.567605780 2.882538152 0.059785433 0.096168440 -0.814972514 0.031203171 0.570611772
1403715308.612143040 1.567844596 2.880448497 0.058763844 0.092332168 -0.815362106 0.031674074 0.570662913
1403715308.662142992 1.569164717 2.875171305 0.057954797 0.088889809 -0.815806112 0.031913497 0.570561581
1403715308.712142944 1.559590736 2.876135725 0.053117092 0.087467163 -0.815634723 0.033380886 0.570942388
1403715308.762142897 1.551966827 2.875767385 0.046254365 0.085889857 -0.815162381 0.035096534 0.571752969
1403715308.812143087 1.545725903 2.875215886 0.033707211 0.083829203 -0.815426806 0.037812653 0.571508524
1403715308.862143040 1.532628690 2.877754143 0.031430840 0.083359727 -0.815797967 0.040931725 0.570832224
1403715308.912142992 1.525620797 2.876237033 0.033060501 0.082574619 -0.815930456 0.043085261 0.570598443
1403715309.012142897 1.503283669 2.875573776 0.038556838 0.083063430 -0.813782251 0.048765546 0.573132477
1403715309.062143087 1.493060337 2.873610979 0.035842684 0.081840936 -0.811567514 0.053755282 0.575995314
1403715309.112143040 1.481047299 2.872528115 0.037570900 0.081939815 -0.809707195 0.058036916 0.578179765
1403715309.162142992 1.471028535 2.870083331 0.061652574 0.084002998 -0.808949255 0.059053171 0.578841361
1403715309.212142944 1.460449990 2.868834486 0.095852461 0.085889241 -0.807659410 0.061003168 0.580161986
1403715309.262142897 1.448846459 2.867731763 0.130831364 0.087991277 -0.804950472 0.062830667 0.583407730
1403715309.312143087 1.440229466 2.868160131 0.157812871 0.089540525 -0.802473741 0.065176087 0.586319424
1403715309.362143040 1.425857811 2.874255287 0.155268480 0.093009786 -0.800184573 0.066361633 0.588769872
1403715309.412142992 1.418929679 2.879043318 0.131499850 0.094343345 -0.798975324 0.067442237 0.590075681
1403715309.462142944 1.403232933 2.889369204 0.113667858 0.098572913 -0.798343549 0.067122881 0.590275764
1403715309.512142897 1.389432320 2.898520749 0.104137487 0.102518431 -0.797936945 0.066222065 0.590255234
1403715309.562143087 1.382689669 2.906197020 0.097301744 0.104881006 -0.798353120 0.065365499 0.589372227
1403715309.612143040 1.362588984 2.921116394 0.087914483 0.107888928 -0.798093408 0.067530924 0.588936725
1403715309.712142944 1.345001215 2.939478179 0.097145854 0.111270089 -0.799712743 0.068842559 0.585951532
1403715309.762142897 1.334606038 2.948854186 0.096045595 0.112047317 -0.799949353 0.071064252 0.585214750
1403715309.812143087 1.333892032 2.954055735 0.090078716 0.111851714 -0.798110829 0.072233586 0.587614336
1403715309.862143040 1.321470499 2.964448285 0.090758860 0.112262296 -0.796871423 0.075471946 0.588809899
1403715309.912142992 1.324309640 2.967088655 0.098908339 0.110491691 -0.796544892 0.076974721 0.589391817
1403715309.962142944 1.324896907 2.971340556 0.118733442 0.108800618 -0.797063839 0.078195102 0.588843942
1403715310.012142897 1.338132251 2.967021014 0.156603855 0.108754417 -0.795920895 0.072264642 0.591151611
1403715310.062143087 1.333689456 2.975638315 0.184133872 0.108108353 -0.793950780 0.072084069 0.593934871
1403715310.112143040 1.323279754 2.990144183 0.203921724 0.106471309 -0.792466534 0.072215866 0.596192521
1403715310.162142992 1.313174048 3.006502805 0.210220330 0.103538662 -0.790495033 0.071068217 0.599455300
1403715310.212142944 1.308312181 3.025268135 0.209815068 0.099534218 -0.789516738 0.068099035 0.601763061
1403715310.262142897 1.295049996 3.050968473 0.208820393 0.097133800 -0.789202536 0.063349308 0.603084777
1403715310.312143087 1.278810471 3.080953006 0.199941719 0.095116010 -0.788617806 0.057533789 0.604751820
1403715310.412142992 1.251021596 3.135628123 0.195394389 0.088305711 -0.789082120 0.044186737 0.606299465
1403715310.462142944 1.238730001 3.164004949 0.195982061 0.083785733 -0.789826087 0.037442282 0.606426235
1403715310.512142897 1.226344208 3.194723379 0.187701737 0.079427100 -0.791639404 0.033070365 0.604900603
1403715310.562143087 1.223847409 3.217833396 0.184627911 0.074615026 -0.794134388 0.027292303 0.602526599
1403715310.612143040 1.228136413 3.239177785 0.186304597 0.069977969 -0.797293294 0.021543283 0.599134687
1403715310.662142992 1.229922007 3.262077477 0.180197930 0.066253055 -0.799363260 0.017175670 0.596937105
1403715310.712142944 1.234403885 3.282699280 0.170101029 0.062127829 -0.800797162 0.013980285 0.595540586
1403715310.762142897 1.239695609 3.301333587 0.170891395 0.058078723 -0.803902565 0.011769120 0.591801500
1403715310.812143087 1.247688213 3.317243822 0.180177531 0.054182262 -0.806902529 0.009857252 0.588111746
1403715310.862143040 1.246702244 3.337125742 0.182325476 0.051388458 -0.808576833 0.009963494 0.586057557
1403715310.912142992 1.251411962 3.355023167 0.181731841 0.048496567 -0.808741432 0.009750564 0.586080461
1403715310.962142944 1.255214924 3.372000831 0.182390647 0.044969558 -0.810041173 0.010308211 0.584555197
1403715311.012142897 1.257392600 3.385918260 0.184098450 0.041400398 -0.811031337 0.011055770 0.583431185
1403715311.062143087 1.253089649 3.401607157 0.199892642 0.039453296 -0.812363764 0.012048615 0.581690109
1403715311.112143040 1.254147439 3.417284813 0.197537782 0.036096855 -0.813013660 0.013962678 0.580956840
1403715311.162142992 1.260508318 3.430259658 0.203223708 0.032290241 -0.814594493 0.015022086 0.578936515
1403715311.212142944 1.263964656 3.442550605 0.229394225 0.031116501 -0.814854066 0.013572933 0.578671228
1403715311.262142897 1.259712182 3.458810746 0.248203536 0.031413497 -0.815332723 0.012359654 0.578007770
1403715311.312143087 1.261356757 3.474196912 0.257562197 0.029544883 -0.815422345 0.012624237 0.577974158
1403715311.362143040 1.263544483 3.490964800 0.260640032 0.027666074 -0.815851564 0.012898893 0.577455135
1403715311.412142992 1.251729062 3.514336865 0.250185711 0.028574089 -0.814496586 0.012728381 0.579324452
1403715311.462142944 1.252447291 3.534689242 0.234898775 0.027263371 -0.815386488 0.011806213 0.578154129
1403715311.512142897 1.245404536 3.558528406 0.214638325 0.027164252 -0.816085030 0.010595792 0.577195855
1403715311.562143087 1.238342463 3.580651405 0.199386306 0.027293821 -0.815779983 0.009116692 0.577646044
1403715311.612143040 1.234487767 3.600347391 0.190792905 0.026532665 -0.815770903 0.007750432 0.577714274
1403715311.662142992 1.223863661 3.621463112 0.188964975 0.027655840 -0.814564788 0.005549805 0.579386365
1403715311.762142897 1.211197582 3.657165492 0.212793504 0.025603630 -0.814602394 0.003907971 0.579441215
1403715311.812143087 1.196721181 3.675249353 0.235710500 0.026256718 -0.813691501 0.001838893 0.580700736
1403715311.862143040 1.183659075 3.694220507 0.256519668 0.024396261 -0.813175996 0.002019013 0.581502833
1403715311.912142992 1.171932436 3.712883716 0.269979289 0.023675675 -0.811517234 0.000294369 0.583848572
1403715311.962142944 1.159216064 3.733103083 0.267441239 0.021965244 -0.811581269 -0.000860316 0.583825857
1403715312.012142897 1.137648487 3.757294922 0.248593019 0.021123277 -0.811557056 -0.001093176 0.583890193
1403715312.112143040 1.110734968 3.797950201 0.230067138 0.019025898 -0.811230296 -0.005126825 0.584394676
1403715312.162142992 1.096217889 3.818354111 0.227961963 0.018422134 -0.810506960 -0.007325223 0.585393401
1403715312.212142944 1.080309163 3.839163149 0.225384822 0.017400765 -0.810440187 -0.008474036 0.585501587
1403715312.262142897 1.063816783 3.859835064 0.228624550 0.016538752 -0.809837382 -0.009474131 0.586344716
1403715312.312143087 1.047835850 3.877955044 0.245440229 0.015666307 -0.809202833 -0.010272287 0.587230638
1403715312.362143040 1.028890064 3.895284085 0.267971404 0.015287105 -0.809020237 -0.011336006 0.587472599
1403715312.412142992 1.010356452 3.911799662 0.304890683 0.016650985 -0.806747282 -0.014160962 0.590492197
1403715312.462142944 0.984742574 3.931353451 0.313141063 0.016163505 -0.805653175 -0.012869923 0.592027083
1403715312.512142897 0.970214595 3.948485161 0.317014188 0.014558344 -0.804546575 -0.012144777 0.593586866
1403715312.562143087 0.945098953 3.966888776 0.314020168 0.015982598 -0.802953382 -0.012639882 0.595693424
1403715312.612143040 0.922758924 3.985352599 0.304704726 0.016574261 -0.801152280 -0.013056067 0.598088503
1403715312.662142992 0.904002085 4.004514888 0.306898829 0.017937109 -0.799124732 -0.014813991 0.600714965
1403715312.712142944 0.876932679 4.023494179 0.308279804 0.020337640 -0.796874428 -0.015498039 0.603603625
1403715312.762142897 0.860862936 4.040759925 0.300163724 0.021597804 -0.795062696 -0.016426774 0.605919966
1403715312.812143087 0.840558263 4.058781753 0.291659884 0.024339129 -0.794181985 -0.017326105 0.606945127
1403715312.862143040 0.827827493 4.072390867 0.290426465 0.026784778 -0.793623762 -0.018538405 0.607536195
1403715312.912142992 0.813637962 4.084229570 0.300120570 0.029516328 -0.792665076 -0.019460336 0.608631381
1403715312.962142944 0.796835247 4.096832604 0.301037599 0.032148284 -0.791709079 -0.018670054 0.609766063
1403715313.012142897 0.786432340 4.107827678 0.296879317 0.033625503 -0.790829596 -0.017476767 0.610862045
1403715313.062143087 0.776406946 4.119816424 0.292673869 0.035912404 -0.790385006 -0.016340972 0.611338542
1403715313.112143040 0.772915494 4.129474294 0.299158265 0.038111894 -0.791021470 -0.016187542 0.610385519
1403715313.162142992 0.766876590 4.137234249 0.305978721 0.039976301 -0.791240220 -0.015291038 0.610005732
1403715313.212142944 0.762751513 4.141005561 0.330613749 0.041599123 -0.792139138 -0.014402386 0.608750910
1403715313.262142897 0.762264299 4.142745027 0.352979108 0.041965358 -0.793418458 -0.012697791 0.607095400
1403715313.312143087 0.774528952 4.141678671 0.379016788 0.041749487 -0.794091716 -0.012714730 0.606229051
1403715313.362143040 0.783972771 4.142173503 0.392618972 0.040867926 -0.795591953 -0.011913158 0.604335448
1403715313.412142992 0.791830125 4.141185380 0.417943325 0.041271784 -0.797711523 -0.013269185 0.601478922
1403715313.462142944 0.790725172 4.143392562 0.438665744 0.041130974 -0.799143895 -0.013631679 0.599576063
1403715313.512142897 0.787246261 4.148093383 0.448800185 0.040270400 -0.799670454 -0.015043829 0.598898274
1403715313.562143087 0.782718038 4.154826483 0.447641145 0.037639758 -0.800736586 -0.015764216 0.597625014
1403715313.612143040 0.779580581 4.160896032 0.448063472 0.035640658 -0.801747834 -0.018328971 0.596317200
1403715313.662142992 0.770579300 4.167623795 0.441209856 0.034025004 -0.802048301 -0.019917633 0.595956466
1403715313.712142944 0.767476275 4.170759959 0.444183675 0.032416220 -0.802439431 -0.022073224 0.595443466
1403715313.762142897 0.771602566 4.170653481 0.451419939 0.029625530 -0.802763721 -0.023410122 0.595100582
1403715313.812143087 0.773478262 4.171440076 0.451535678 0.026712434 -0.802470168 -0.023377188 0.595635445
1403715313.862143040 0.774484063 4.171819316 0.454704594 0.024069653 -0.803492143 -0.023310622 0.594371637
1403715313.912142992 0.789061016 4.165435436 0.480079188 0.021214129 -0.803841227 -0.025092656 0.593935688
1403715313.962142944 0.810882780 4.155514712 0.518030302 0.018629207 -0.803260725 -0.027547394 0.594698496
1403715314.012142897 0.832634285 4.148123661 0.536782537 0.014358238 -0.803378797 -0.029066305 0.594585148
1403715314.062143087 0.850422962 4.142005489 0.546158008 0.009760343 -0.803818713 -0.032865629 0.593885564
1403715314.112143040 0.851070346 4.140846377 0.541920133 0.005860302 -0.803626693 -0.037856584 0.593899549
1403715314.162142992 0.847564317 4.140945690 0.534893972 -0.000647628 -0.803722747 -0.043339413 0.593423140
1403715314.212142944 0.849394784 4.139997577 0.532898920 -0.007719945 -0.804116931 -0.051212946 0.592210772
1403715314.262142897 0.846341848 4.140154564 0.525248998 -0.015821903 -0.803643825 -0.057919609 0.592073972
1403715314.312143087 0.838516425 4.140884356 0.515037906 -0.024617220 -0.803865493 -0.063623949 0.590885992
1403715314.362143040 0.836414212 4.137910338 0.521014016 -0.032812441 -0.804235146 -0.071214376 0.589116021
1403715314.412142992 0.836031728 4.134464108 0.524180841 -0.041379203 -0.804096898 -0.075728261 0.588201642
1403715314.462142944 0.835831729 4.130563288 0.516954935 -0.049474419 -0.804754392 -0.079338150 0.586198011
1403715314.512142897 0.841175694 4.125203754 0.514003232 -0.056957958 -0.804332036 -0.082023550 0.585728525
1403715314.562143087 0.846338860 4.117409297 0.515954389 -0.064334398 -0.804363479 -0.083449670 0.584719275
1403715314.612143040 0.848203617 4.106432478 0.520468002 -0.070543491 -0.803468742 -0.084586954 0.585069776
1403715314.662142992 0.852908839 4.096827655 0.515099132 -0.075671877 -0.802052388 -0.085482227 0.586241011
1403715314.712142944 0.860327916 4.086358942 0.513623171 -0.079640240 -0.801101257 -0.086728274 0.586832527
1403715314.762142897 0.866668699 4.076210661 0.512695646 -0.081943504 -0.799654992 -0.088465958 0.588226938
1403715314.812143087 0.869298197 4.065399862 0.516401694 -0.083367390 -0.798579743 -0.090232962 0.589218367
1403715314.862143040 0.870215270 4.056304299 0.512216449 -0.084290646 -0.797939499 -0.091353271 0.589781504
1403715314.912142992 0.870685200 4.043927465 0.511060127 -0.085196973 -0.796869580 -0.091873879 0.591015683
1403715314.962142944 0.869705553 4.030484199 0.503111847 -0.087246711 -0.795941472 -0.090808571 0.592130887
1403715315.012142897 0.859263483 4.013935623 0.503033904 -0.087852165 -0.795180122 -0.089668974 0.593236922
1403715315.062143087 0.844656733 3.996600760 0.505050143 -0.088495236 -0.793181334 -0.087849854 0.596082517
1403715315.112143040 0.835390476 3.976234890 0.508661377 -0.089232976 -0.793464206 -0.087603012 0.595632221
1403715315.162142992 0.829689030 3.957208710 0.508216571 -0.089961866 -0.793538455 -0.086733768 0.595550868
1403715315.212142944 0.828084434 3.938229470 0.508735152 -0.090593149 -0.794414472 -0.086236057 0.594358368
1403715315.262142897 0.827538722 3.919275552 0.509431898 -0.091243072 -0.794523381 -0.086509530 0.594073565
1403715315.312143087 0.833932200 3.899021687 0.512260035 -0.093719751 -0.794557977 -0.088652085 0.593325406
1403715315.362143040 0.842469838 3.882867729 0.510890037 -0.097298224 -0.793530469 -0.091037272 0.593763139
1403715315.412142992 0.842048739 3.867625762 0.512705051 -0.101248619 -0.793013876 -0.093069459 0.593477704
1403715315.462142944 0.843514691 3.852757007 0.509831159 -0.107213890 -0.792310582 -0.095031796 0.593058245
1403715315.512142897 0.846715287 3.838331103 0.507998894 -0.113563676 -0.791000832 -0.097460464 0.593230506
1403715315.562143087 0.849293789 3.822708053 0.508525860 -0.119910870 -0.789540971 -0.099804059 0.593536510
1403715315.612143040 0.850071115 3.807803067 0.511503775 -0.126118527 -0.787818914 -0.102599106 0.594061360
1403715315.662142992 0.848621743 3.793080215 0.512475224 -0.133093018 -0.786284571 -0.105802570 0.594010638
1403715315.712142944 0.852982374 3.778905254 0.510255900 -0.143094392 -0.783678922 -0.106039298 0.595085715
1403715315.762142897 0.860663890 3.764680267 0.511711055 -0.153787736 -0.780828542 -0.106379455 0.596103625
1403715315.812143087 0.861198321 3.751154895 0.511189189 -0.164732669 -0.778647454 -0.107063513 0.595909972
1403715315.862143040 0.860597503 3.738567094 0.512990814 -0.174500699 -0.776673258 -0.109999833 0.595170727
1403715315.912142992 0.865121746 3.726554481 0.511762370 -0.183821852 -0.774882879 -0.114973866 0.593756736
1403715315.962142944 0.868091587 3.715395586 0.511678799 -0.192445345 -0.773234110 -0.121700453 0.591830043
1403715316.012142897 0.871183375 3.704719475 0.516030534 -0.200527103 -0.772393786 -0.129233738 0.588638566
1403715316.062143087 0.878495164 3.696457239 0.513483832 -0.208068395 -0.770670774 -0.137622710 0.586373679
1403715316.112143040 0.885410997 3.689047396 0.509556326 -0.215108119 -0.769193568 -0.146891885 0.583517374
1403715316.162142992 0.895099366 3.680676743 0.502171224 -0.222734880 -0.767143573 -0.156538770 0.580840361
1403715316.212142944 0.902281181 3.672583718 0.492754580 -0.231141427 -0.765966254 -0.166175761 0.576415609
1403715316.262142897 0.901143097 3.665638208 0.492029426 -0.238527257 -0.767393249 -0.176965439 0.568239018
1403715316.312143087 0.898640832 3.661813970 0.485688933 -0.247087229 -0.769196714 -0.185231666 0.559440386
1403715316.362143040 0.906522075 3.654684644 0.480989384 -0.254748718 -0.770914438 -0.194694638 0.550352630
1403715316.412142992 0.908054996 3.650148897 0.472234528 -0.261295334 -0.771971675 -0.201694721 0.543234499
1403715316.462142944 0.905589014 3.645637411 0.462259109 -0.267300141 -0.772882186 -0.207296631 0.536872301
1403715316.512142897 0.910520326 3.635724899 0.454861715 -0.274490920 -0.770780470 -0.211877283 0.534471907
1403715316.562143087 0.911728737 3.629691989 0.450890322 -0.279810220 -0.767557536 -0.215058906 0.535080683
1403715316.612143040 0.909431182 3.622472211 0.443973207 -0.284738519 -0.763928533 -0.216983840 0.536894017
1403715316.662142992 0.906295880 3.615761246 0.432846511 -0.289010365 -0.759826821 -0.218750125 0.539707879
1403715316.712142944 0.901282145 3.607550746 0.429342532 -0.293154549 -0.755728843 -0.220965951 0.542317596
1403715316.762142897 0.896201276 3.600358156 0.421984517 -0.297950522 -0.751951975 -0.223907775 0.543745365
1403715316.812143087 0.889693425 3.593013139 0.413584371 -0.303285733 -0.748227967 -0.227039747 0.544633479
1403715316.862143040 0.880805522 3.586112769 0.403461767 -0.309415651 -0.743688164 -0.230715461 0.545857348
1403715316.912142992 0.864351335 3.576489118 0.398166537 -0.316304165 -0.739202644 -0.235791436 0.545832872
1403715316.962142944 0.851844960 3.569018377 0.378730239 -0.323612193 -0.733397764 -0.241135116 0.547043622
1403715317.012142897 0.839319369 3.562246258 0.355411854 -0.333099774 -0.727116161 -0.245660394 0.547720366
1403715317.062143087 0.829086217 3.552659861 0.342037337 -0.343400950 -0.722047788 -0.250560936 0.545840632
1403715317.112143040 0.814954763 3.543634529 0.332840781 -0.353860922 -0.717603863 -0.255654992 0.542648752
1403715317.162142992 0.802977127 3.534520690 0.322411904 -0.365145385 -0.713698435 -0.260805189 0.537851322
1403715317.212142944 0.785053707 3.522900847 0.316523907 -0.375590321 -0.709413477 -0.267266819 0.533134952
1403715317.262142897 0.774540032 3.511872429 0.309310541 -0.386237470 -0.704356467 -0.274917333 0.528320967
1403715317.312143087 0.771233945 3.503901986 0.305390286 -0.397594055 -0.698890245 -0.281624311 0.523602082
1403715317.362143040 0.758046728 3.494676647 0.296337017 -0.409107969 -0.692110847 -0.286832955 0.520903158
1403715317.412142992 0.744917348 3.485355983 0.283128039 -0.421507405 -0.685437343 -0.291424650 0.517280223
1403715317.462142944 0.730673606 3.474518026 0.272308402 -0.433522565 -0.678825168 -0.296409985 0.513220906
1403715317.512142897 0.718990698 3.463913425 0.264765975 -0.444574796 -0.671772833 -0.302324745 0.509582436
1403715317.562143087 0.705216916 3.454483047 0.255659726 -0.455051825 -0.664872330 -0.308430641 0.505710550
1403715317.612143040 0.689338820 3.445887062 0.250571749 -0.465548681 -0.657445751 -0.313664323 0.502637248
1403715317.662142992 0.673425359 3.436730720 0.247509185 0.475968938 0.650355217 0.318539141 -0.499023524
1403715317.712142944 0.659150947 3.427392964 0.247606462 0.486022037 0.642910363 0.323511236 -0.495771444
1403715317.762142897 0.648918656 3.418370357 0.237338703 0.497599214 0.634269843 0.326346094 -0.493553457
1403715317.812143087 0.640941885 3.408557736 0.238214523 0.508680080 0.625584389 0.329053213 -0.491541179
1403715317.862143040 0.631668205 3.399635961 0.244289265 0.518740811 0.618640621 0.333009517 -0.487130799
1403715317.912142992 0.621890348 3.392993826 0.238195269 0.528348379 0.611311631 0.335409446 -0.484403328
1403715317.962142944 0.615476390 3.384232544 0.244619276 0.536787637 0.603411095 0.339360657 -0.482274225
1403715318.012142897 0.600485375 3.378946139 0.248601082 0.544619914 0.597058427 0.341230080 -0.480075428
1403715318.062143087 0.591426835 3.373013920 0.264076426 0.550453250 0.590839442 0.345434138 -0.478105877
1403715318.112143040 0.587625692 3.368371969 0.263690613 0.555862757 0.586050125 0.348160907 -0.475758163
1403715318.162142992 0.589577591 3.365164158 0.245870251 0.560725310 0.582339029 0.350113991 -0.473168655
1403715318.212142944 0.595601144 3.360384105 0.230040031 0.564756885 0.579495129 0.352762937 -0.469886546
1403715318.262142897 0.602095565 3.354762898 0.215015090 0.568006115 0.577640625 0.355391222 -0.466258985
