1413393214.755760431 -1.746124148369 0.727583706379 -0.865557909012 0.012728394881 -0.817369207109 -0.012942372864 0.575828210528
1413393215.955760479 -1.746503829956 0.727903664112 -0.865541279316 0.014056647277 -0.819060092760 -0.011728601904 0.573415869635
1413393216.105760574 -1.743888497353 0.727008700371 -0.859828948975 0.014519324261 -0.818537558165 -0.013311063069 0.574115159948
1413393216.605760574 -1.746320605278 0.731966972351 -0.857234895229 0.011187231839 -0.824254040898 -0.016058212535 0.565881788860
1413393216.905760527 -1.744445919991 0.731798052788 -0.850363969803 0.013429368727 -0.818184883875 -0.029625361269 0.574034440700
1413393217.055760384 -1.738824129105 0.725846409798 -0.825359821320 0.014401399578 -0.821824034262 -0.034629560373 0.568505664889
1413393217.105760574 -1.734289407730 0.722812891006 -0.809567928314 0.013366960840 -0.821940237487 -0.036120371657 0.568270286316
1413393217.205760479 -1.724902987480 0.713380873203 -0.782271146774 0.012573948070 -0.823110974208 -0.035832701502 0.566609543458
1413393217.255760431 -1.721397995949 0.709571599960 -0.769363939762 0.012746152840 -0.822466788362 -0.037825338745 0.567411156109
1413393217.305760622 -1.716686010361 0.703569173813 -0.759597122669 0.013077496696 -0.822447771454 -0.039535142529 0.567314426155
1413393217.505760431 -1.686409115791 0.676541149616 -0.726334273815 0.013775605053 -0.824869699618 -0.039057862395 0.563803804203
1413393217.555760384 -1.679053783417 0.665703237057 -0.723518788815 0.012858402487 -0.824637822625 -0.041051504926 0.564022962870
1413393217.705760479 -1.649022936821 0.636924862862 -0.707218766212 0.012203738825 -0.824296900767 -0.041398296748 0.564510243572
1413393217.805760622 -1.634182691574 0.606181681156 -0.689983785152 0.013223187544 -0.823905573631 -0.040782183402 0.565103281844
1413393217.955760479 -1.607633352280 0.558518946171 -0.649079859257 0.011961589913 -0.823991147387 -0.040897393354 0.564998244688
1413393218.005760431 -1.597122669220 0.541289746761 -0.634823262691 0.010846086676 -0.823794057379 -0.039220340101 0.565426867648
1413393218.105760574 -1.574613571167 0.507030129433 -0.615753352642 0.005607763285 -0.824453650148 -0.033049741765 0.564935755063
1413393218.255760431 -1.539912104607 0.455795288086 -0.596405863762 -0.007527440485 -0.825382533732 -0.016513672631 0.564282447591
1413393218.305760622 -1.530197143555 0.435731768608 -0.599177718163 -0.010847017527 -0.826258936204 -0.013088218293 0.563034029290
1413393218.455760479 -1.491204023361 0.392470031977 -0.604864239693 -0.003676256757 -0.826923058581 -0.023185548418 0.561824677975
1413393218.555760384 -1.462086439133 0.371696323156 -0.609362304211 0.001980669230 -0.824772705228 -0.033666582176 0.564457863652
1413393218.655760288 -1.433465242386 0.345226645470 -0.612452983856 0.006581447733 -0.824631376318 -0.037293413990 0.564401386622
1413393218.705760479 -1.421478867531 0.335881143808 -0.611491918564 0.004529312416 -0.824139599341 -0.039993587689 0.564954891060
1413393219.055760384 -1.315918445587 0.245164662600 -0.613599598408 -0.005315708936 -0.845556854198 -0.025869519060 0.533231867201
1413393219.305760622 -1.282865643501 0.191118195653 -0.592094361782 -0.003935002342 -0.842854273146 -0.024492082258 0.537570193886
1413393219.405760527 -1.277852296829 0.173623070121 -0.579880177975 -0.003271953572 -0.841621304114 -0.021869045106 0.539615444261
1413393219.855760336 -1.287558317184 0.123344041407 -0.546548902988 0.001798265419 -0.830618205016 -0.026534996824 0.556207019506
1413393220.055760384 -1.302600860596 0.113174758852 -0.483986765146 -0.000402160331 -0.826600428210 -0.031362461261 0.561914781949
1413393220.255760431 -1.310747146606 0.089098051190 -0.445749253035 0.006077198022 -0.825087017555 -0.031594509294 0.564088928312
1413393220.455760479 -1.312776923180 0.061796065420 -0.402235180140 0.009009342635 -0.824663639582 -0.031726606508 0.564660934949
1413393220.655760288 -1.307422518730 0.038558024913 -0.368786364794 0.008803896793 -0.826899792744 -0.029089318373 0.561527451211
1413393220.705760479 -1.307732701302 0.033148784190 -0.367701441050 0.005648989952 -0.826750428436 -0.030072950747 0.561736230751
1413393220.905760527 -1.299743771553 0.007984771393 -0.366505265236 -0.003142692756 -0.831308236199 -0.018192873780 0.555505250518
1413393221.155760288 -1.297750473022 -0.007626623847 -0.307935535908 -0.006098563122 -0.833182171331 -0.021989326430 0.552527493423
1413393221.405760527 -1.300889611244 -0.006824224722 -0.232115924358 -0.003757533306 -0.838469330261 -0.028594130357 0.544185236234
1413393221.605760574 -1.316090345383 -0.003508977592 -0.185322403908 0.001162158126 -0.839435241431 -0.037062517437 0.542193195082
1413393221.905760527 -1.353696703911 -0.003510282841 -0.143168047071 0.004706658874 -0.830111684545 -0.036371595024 0.556390110329
1413393222.355760336 -1.401245117188 -0.009546912275 -0.173790857196 0.007083203958 -0.834106308259 -0.030617897930 0.550707933944
1413393222.555760384 -1.422189950943 -0.015309588984 -0.207817658782 0.005856904822 -0.842098002988 -0.027828452985 0.538574294836
1413393222.905760527 -1.499174237251 -0.035550326109 -0.207165867090 0.008754486791 -0.847603677599 -0.022396341509 0.530084832865
1413393223.305760622 -1.662367463112 -0.059969577938 -0.138246297836 0.019924879968 -0.841178567695 -0.022301730486 0.539930211940
1413393223.555760384 -1.781603693962 -0.079122237861 -0.171189382672 0.022170477191 -0.833575277997 -0.024534324056 0.551415321933
1413393223.805760622 -1.899605393410 -0.105779685080 -0.268135070801 0.017295726586 -0.828090388816 -0.030326409282 0.559506750574
1413393224.055760384 -2.017079830170 -0.154652148485 -0.295709639788 0.006328454944 -0.828750995711 -0.039293628701 0.558200477663
1413393224.705760479 -2.269718647003 -0.283482342958 -0.500474095345 -0.039244195085 -0.822215643655 -0.051719488181 0.565461304461
1413393224.855760336 -2.311131477356 -0.309837043285 -0.562205433846 -0.064157002300 -0.823342247738 -0.062440448710 0.560439840592
1413393225.005760431 -2.351857185364 -0.335339516401 -0.606480598450 -0.075989871779 -0.822207150058 -0.074563678352 0.559143522787
1413393225.105760574 -2.377954244614 -0.346207499504 -0.612956762314 -0.079504526665 -0.823269662153 -0.082391160004 0.555983734696
1413393225.155760288 -2.393289089203 -0.350905299187 -0.619652688503 -0.080602864657 -0.824665157047 -0.083749161577 0.553549162630
1413393225.255760431 -2.419292449951 -0.365689903498 -0.629522264004 -0.082908897896 -0.823175639470 -0.087112103652 0.554905036124
1413393225.405760527 -2.457831859589 -0.375957489014 -0.633990585804 -0.094869721323 -0.823578517423 -0.091681265339 0.551645588222
1413393225.455760479 -2.474140167236 -0.380165129900 -0.641814410686 -0.101238111261 -0.822534640237 -0.093199081639 0.551816960768
1413393225.555760384 -2.499595403671 -0.381527692080 -0.643944919109 -0.122497675508 -0.818923557560 -0.100376503308 0.551618622634
1413393225.705760479 -2.538524627686 -0.375366449356 -0.634656071663 -0.155298872868 -0.809394810337 -0.122878190855 0.552868216927
1413393225.805760622 -2.563196897507 -0.365580230951 -0.625424146652 -0.174236925057 -0.802002612863 -0.145537625515 0.552496134229
1413393225.855760336 -2.573965787888 -0.356862336397 -0.619427502155 -0.184486107288 -0.798544531146 -0.161000975933 0.549882290447
1413393225.905760527 -2.586359024048 -0.349210143089 -0.619120419025 -0.194390237014 -0.794045306590 -0.174447414177 0.548883055249
1413393226.055760384 -2.612780809402 -0.321718513966 -0.636708199978 -0.223498458871 -0.780521371523 -0.211865012722 0.544011302075
1413393226.205760479 -2.640983104706 -0.301700621843 -0.663531243801 -0.253652137318 -0.766950141468 -0.231095221510 0.542257439942
1413393226.305760622 -2.658029317856 -0.296914696693 -0.656359672546 -0.272235072455 -0.761627795510 -0.235057468188 0.539035644415
1413393226.405760527 -2.680577993393 -0.283762335777 -0.653793096542 -0.286635332544 -0.760386290251 -0.235347255435 0.533164557435
1413393226.505760431 -2.700014829636 -0.273664236069 -0.660737633705 -0.298224139626 -0.761251678648 -0.233868902098 0.526178308404
1413393226.555760384 -2.709080934525 -0.267781823874 -0.663914024830 -0.302417621233 -0.761488795008 -0.232161873020 0.524193971506
1413393226.655760288 -2.732903718948 -0.251420795918 -0.676308274269 -0.306637589225 -0.761856549734 -0.234610774652 0.520101700143
1413393226.705760479 -2.741557359695 -0.242766812444 -0.679564476013 -0.303013858158 -0.761872915432 -0.239432074094 0.520004587451
1413393227.005760431 -2.822233200073 -0.178675994277 -0.714441001415 -0.286692055711 -0.762721067094 -0.258021270678 0.519123634537
1413393227.105760574 -2.852530002594 -0.156153559685 -0.720080435276 -0.286620120131 -0.761761030024 -0.255173926751 0.521972499237
1413393227.155760288 -2.868483543396 -0.143623232841 -0.718295454979 -0.287448361942 -0.761283694138 -0.251837526623 0.523830899396
1413393227.355760336 -2.936246156693 -0.112684406340 -0.733848214149 -0.291400252768 -0.757024214634 -0.243894298639 0.531522456595
1413393227.455760479 -2.971282958984 -0.097067199647 -0.735524654388 -0.293888413094 -0.756301385327 -0.241228963291 0.532397279570
1413393227.505760431 -2.989000082016 -0.087141565979 -0.735296547413 -0.294445261494 -0.756710825243 -0.239587535812 0.532248827267
1413393227.655760288 -3.039556741714 -0.053399153054 -0.737328469753 -0.303270938427 -0.752031897720 -0.242171177476 0.532755164029
1413393227.855760336 -3.095852851868 -0.006302104797 -0.741086959839 -0.324459681316 -0.742739405301 -0.253947213961 0.527801883341
1413393228.005760431 -3.132701873779 0.041953850538 -0.744528293610 -0.349665286598 -0.727141681872 -0.271141187424 0.524863570800
1413393228.055760384 -3.146921396255 0.051090613008 -0.744747519493 -0.359174187608 -0.722956235758 -0.276825232908 0.521244965650
1413393228.205760479 -3.170941829681 0.099827200174 -0.740219175816 -0.387346367505 -0.708283226750 -0.296807397228 0.510101127567
1413393228.255760431 -3.178878545761 0.114169172943 -0.742259800434 -0.393377886319 -0.705046488925 -0.303874961424 0.505789755666
1413393228.455760479 -3.209269523621 0.181585922837 -0.742718815804 0.415119038759 0.689508068500 0.329239798611 -0.493817763227
1413393228.705760479 -3.269635677338 0.274832218885 -0.743453621864 0.445410236062 0.665422256357 0.355091264767 -0.482424207996
1413393228.905760527 -3.305255651474 0.349088758230 -0.739831924438 0.463532272697 0.663154952400 0.351824963107 -0.470725604835
1413393229.155760288 -3.341417074203 0.452761888504 -0.746960699558 0.455223331923 0.664393763102 0.366153866190 -0.466137301410
1413393229.405760527 -3.395434379578 0.565665483475 -0.768495023251 0.443702593198 0.665192016512 0.375360756833 -0.468777138782
1413393229.605760574 -3.448187828064 0.656156361103 -0.780496954918 0.453242973621 0.662234800831 0.357200061460 -0.477937188933
1413393229.755760431 -3.490723133087 0.725085735321 -0.791517257690 0.459653646670 0.667456681582 0.344101055791 -0.474146105965
1413393229.805760622 -3.501670598984 0.745887279510 -0.795559585094 0.461072258875 0.670629700167 0.340233714611 -0.471072370564
1413393229.955760479 -3.536281585693 0.818108975887 -0.805442631245 0.461579212436 0.676280611684 0.336472126812 -0.465162060627
1413393230.005760431 -3.547779560089 0.845118165016 -0.804519116879 0.459479266396 0.676861907748 0.340216465357 -0.463669713582
1413393230.055760384 -3.559226989746 0.877548396587 -0.801940143108 0.454224933019 0.677378855305 0.346127483202 -0.463716833432
1413393230.155760288 -3.593034505844 0.940047681332 -0.792302846909 0.446650960423 0.677391385952 0.354173758819 -0.464978444879
1413393230.605760574 -3.722584962845 1.215175390244 -0.820478498936 0.458126796479 0.665963906436 0.353465176418 -0.470823072517
1413393230.705760479 -3.752910375595 1.283693432808 -0.818740546703 0.472496291742 0.656846432484 0.357904248193 -0.466051995106
1413393230.755760431 -3.762710809708 1.313855051994 -0.819238901138 0.480502889058 0.650388142005 0.361844611543 -0.463875820310
1413393230.805760622 -3.775734663010 1.342240691185 -0.817581176758 0.488312404654 0.643290513250 0.364839478611 -0.463271569800
1413393230.905760527 -3.791793823242 1.410301208496 -0.818094968796 0.502234992853 0.631455892326 0.379194516203 -0.453028724016
1413393230.955760479 -3.804868221283 1.443801522255 -0.825008630753 0.507141505104 0.626540681169 0.387865780355 -0.447005970464
1413393231.005760431 -3.818510293961 1.475818276405 -0.827642977238 0.511483932839 0.621613220787 0.397955262443 -0.440014625852
1413393231.205760479 -3.866484165192 1.610379576683 -0.777457714081 0.520371980572 0.610146278954 0.426535476077 -0.418332436333
1413393231.305760622 -3.881674528122 1.693130731583 -0.768520295620 0.525133692782 0.606106889439 0.429290662771 -0.415425822766
1413393231.655760288 -4.010059356689 1.932544231415 -0.756328403950 0.527614700055 0.571751933588 0.435097302136 -0.453224895173
1413393232.005760431 -4.092936515808 2.144278287888 -0.789058983326 0.569193546179 0.549142669455 0.429390611505 -0.435987178484
1413393232.155760288 -4.098189353943 2.219166278839 -0.799345076084 0.586787193442 0.535943259278 0.440552313306 -0.417563581129
1413393232.205760479 -4.096467018127 2.241304636002 -0.798810184002 0.591541759344 0.529187406145 0.447572312725 -0.411968561475
1413393232.355760336 -4.077365398407 2.312847852707 -0.804010450840 0.607673149174 0.509088041267 0.463450109072 -0.395950436823
1413393232.455760479 -4.060984611511 2.360976696014 -0.816277444363 0.620242793961 0.495423310644 0.470562323280 -0.385260553553
1413393232.555760384 -4.041497230530 2.415533304214 -0.831288814545 0.631450242030 0.482827973847 0.476108218196 -0.376123246583
1413393232.605760574 -4.028105735779 2.443519830704 -0.844512045383 0.634502100896 0.478009755260 0.478795257567 -0.373722850273
1413393232.655760288 -4.016364574432 2.465613603592 -0.855964958668 0.638595799631 0.472475679380 0.481220240436 -0.370660780459
1413393232.805760622 -3.983931779861 2.538629293442 -0.880830287933 0.644302143935 0.466127591774 0.485855138281 -0.362690888008
1413393232.905760527 -3.951035976410 2.592188119888 -0.894706964493 0.645439028863 0.465216677029 0.487802945698 -0.359207879195
1413393233.005760431 -3.919561862946 2.641539812088 -0.910107970238 0.645763627868 0.467883806669 0.490847159470 -0.350917707836
1413393233.055760384 -3.902629852295 2.665059089661 -0.914063870907 0.643884172161 0.469915735197 0.492927590859 -0.348733152968
1413393233.155760288 -3.868831396103 2.715982437134 -0.913287639618 0.643427189309 0.472109434055 0.495120796856 -0.343466963031
1413393233.205760479 -3.854539632797 2.746718645096 -0.914633691311 0.641344768049 0.472614134959 0.497374741608 -0.343411238196
1413393233.305760622 -3.815213918686 2.805117368698 -0.904662370682 0.639168635808 0.467130882258 0.506227542640 -0.342032188267
1413393233.405760527 -3.773560047150 2.854411125183 -0.890792727470 0.638009821138 0.455053939635 0.518020594666 -0.342818026495
1413393233.455760479 -3.757088422775 2.879678249359 -0.881913542747 0.638646363703 0.446219685017 0.523454465999 -0.344984398707
1413393233.555760384 -3.724049568176 2.928580522537 -0.837454617023 0.644964366665 0.433230082161 0.530774284871 -0.338543220175
1413393233.655760288 -3.688741207123 2.973777294159 -0.799017429352 0.656969384298 0.422317958543 0.533870783001 -0.324069248375
1413393233.705760479 -3.673142910004 2.994308710098 -0.769838273525 0.663738200997 0.416219073267 0.535478722163 -0.315397980359
1413393233.755760431 -3.655904293060 3.016599178314 -0.744753181934 0.667611207695 0.408887622344 0.540199004820 -0.308693116584
1413393233.855760336 -3.628532648087 3.057085514069 -0.680984675884 0.672692778445 0.392456884043 0.549317788845 -0.302840025406
1413393233.905760527 -3.619804620743 3.078730821609 -0.652353525162 0.673736567427 0.384748857402 0.553347622359 -0.303074117291
1413393233.955760479 -3.613428592682 3.098596572876 -0.634798526764 0.676311572865 0.375517697717 0.558024373730 -0.300329936615
1413393234.055760384 -3.593360424042 3.141122579575 -0.588801026344 0.685561094381 0.357929234024 0.559220976769 -0.298604556872
1413393234.105760574 -3.588632583618 3.151821136475 -0.570850491524 0.691353747427 0.349337089670 0.559474842631 -0.294926451755
1413393234.155760288 -3.578039646149 3.165906190872 -0.553694546223 0.697974218954 0.342611954972 0.557276853457 -0.291361673013
1413393234.205760479 -3.572306871414 3.178116798401 -0.530376970768 0.702591720317 0.334675758298 0.556548428861 -0.290879658937
1413393234.305760622 -3.550577402115 3.206300258636 -0.486910998821 0.703732628002 0.308593515032 0.564050919612 -0.302286475952
1413393234.355760336 -3.537006616592 3.219552040100 -0.473770856857 0.702842896878 0.293603757112 0.568312710238 -0.311174308645
1413393234.405760527 -3.525915861130 3.230704307556 -0.463555246592 0.703009240900 0.278385249777 0.572655840025 -0.316772865462
1413393234.505760431 -3.502390384674 3.241503953934 -0.438267588615 0.703862189238 0.256792358588 0.579475513598 -0.320692686783
1413393234.555760384 -3.493609905243 3.239310741425 -0.426542699337 0.704782784706 0.248993585186 0.585053435577 -0.314636274337
1413393234.655760288 -3.462634801865 3.227497100830 -0.415840685368 0.709159466900 0.249943502347 0.597654073291 -0.278264068549
1413393234.805760622 -3.429027795792 3.183710336685 -0.384611934423 0.724150347746 0.257179985198 0.603828097080 -0.211792965245
1413393234.855760336 -3.421944856644 3.165370941162 -0.371540427208 0.732416318237 0.253099215347 0.599967523859 -0.198861796080
1413393234.955760479 -3.409868717194 3.126244306564 -0.353208214045 0.746566136093 0.234287063177 0.593503106871 -0.188421849695
1413393235.055760384 -3.400914907455 3.099968433380 -0.358494281769 0.757917812246 0.207416101544 0.589098382041 -0.188420602642
1413393235.205760479 -3.384468555450 3.061547040939 -0.396626293659 0.769732722423 0.171585240429 0.589169460316 -0.175924642841
1413393235.305760622 -3.375852823257 3.028889179230 -0.423857897520 0.776704832346 0.161038275949 0.590106331745 -0.150236096047
1413393235.455760479 -3.363434314728 2.982819557190 -0.457346290350 0.788410890276 0.152899666440 0.583649706973 -0.119929461102
1413393235.505760431 -3.352601528168 2.973199605942 -0.473013103008 0.791414023961 0.151248076470 0.581548914951 -0.112199866368
1413393235.555760384 -3.340409755707 2.966419935226 -0.484584987164 0.790344179362 0.152704304333 0.584842144250 -0.099985712105
1413393235.755760431 -3.308071136475 2.965120553970 -0.501873254776 0.784393606782 0.147226952189 0.598071717642 -0.073219586600
1413393235.955760479 -3.288346052170 2.990488290787 -0.517765104771 0.784519326280 0.111902864932 0.599962857922 -0.109780707891
1413393236.155760288 -3.278754234314 3.038516283035 -0.506434261799 0.781198042095 0.073258043552 0.607759707611 -0.122437783155
1413393236.205760479 -3.274635314941 3.048371553421 -0.496809631586 0.778889898762 0.068038098845 0.612647158274 -0.115607150359
1413393236.405760527 -3.277878522873 3.067321538925 -0.480624914169 0.790598366029 0.040980967931 0.606778347271 -0.071378971391
1413393236.655760288 -3.283213615417 3.091765642166 -0.454768151045 0.810331288358 -0.009936366154 0.584168024846 -0.044859060233
1413393236.905760527 -3.259204387665 3.121553897858 -0.446697503328 0.804453422240 -0.054936310205 0.589980835175 -0.041945097232
1413393237.155760288 -3.199514865875 3.126080274582 -0.409738093615 0.794879954402 -0.050663339363 0.604565946900 -0.009951010282
1413393237.355760336 -3.151546239853 3.132029533386 -0.383034646511 0.794438892574 -0.035800001046 0.606198835449 0.010405965774
1413393237.555760384 -3.110509872437 3.151750802994 -0.395757615566 0.792789058339 -0.040080828377 0.608130457579 -0.007513440491
1413393237.755760431 -3.070657491684 3.190070867538 -0.408891588449 0.794516124788 -0.052695918824 0.603728501725 -0.038461087455
1413393237.955760479 -3.034206628799 3.211602449417 -0.418185681105 0.800657704755 -0.046911637488 0.596059360353 -0.038205269368
1413393238.155760288 -2.996821880341 3.223245620728 -0.443304836750 0.809670321335 -0.032025633986 0.585852850730 -0.013597969612
1413393238.205760479 -2.978395462036 3.228396415710 -0.427000373602 0.810894264325 -0.030203001282 0.584334637070 -0.009556412865
1413393238.405760527 -2.918485164642 3.246029615402 -0.394864350557 0.811538861400 -0.033029825947 0.583356637947 -0.002959817161
1413393238.705760479 -2.799744844437 3.287395000458 -0.331082314253 0.800184879137 -0.070156854333 0.594102590382 -0.042711587992
1413393238.905760527 -2.713165760040 3.294843912125 -0.328933924437 0.798192683198 -0.072664084512 0.596629798878 -0.040512508988
1413393239.155760288 -2.604226827621 3.276573181152 -0.321401089430 0.799743962108 -0.050913667206 0.598172602209 -0.002622074514
1413393239.355760336 -2.515427589417 3.268016099930 -0.312403410673 0.801936214546 -0.045782226372 0.595614045919 0.006808260994
1413393239.605760574 -2.399014711380 3.273337125778 -0.289618581533 0.801788998554 -0.047371739703 0.595725970968 0.000999167883
1413393239.805760622 -2.300410747528 3.293791770935 -0.255608707666 0.795542102452 -0.066424718382 0.601331198802 -0.033187551967
1413393239.955760479 -2.219685792923 3.301993608475 -0.246705546975 0.796615740732 -0.064696847397 0.600189441849 -0.031470006052
1413393240.005760431 -2.194660902023 3.299386978149 -0.231472447515 0.795136050303 -0.061849620484 0.602669339504 -0.026890065944
1413393240.055760384 -2.167877435684 3.297672986984 -0.223902344704 0.794910351157 -0.058137180610 0.603552980145 -0.021482426430
1413393240.555760384 -1.891999006271 3.301230669022 -0.219027340412 0.789074614404 -0.055666664924 0.611362683362 -0.022320008121
1413393240.755760431 -1.780182838440 3.310200452805 -0.213926449418 0.790527753730 -0.059296021744 0.609183850244 -0.021093910121
1413393241.005760431 -1.652034759521 3.293728351593 -0.173555329442 0.782080044877 -0.053862784604 0.620837426450 -0.003251414495
1413393241.155760288 -1.588519334793 3.293690204620 -0.188526615500 0.778057791209 -0.063883952082 0.624860535893 -0.009710102589
1413393241.355760336 -1.503182649612 3.294775247574 -0.234140858054 0.787642208667 -0.077548342476 0.610862994046 -0.021272255344
1413393241.605760574 -1.418675661087 3.264440059662 -0.274585545063 0.793932362131 -0.068647282079 0.604101033508 -0.004582070443
1413393241.855760336 -1.328546404839 3.240639925003 -0.300678849220 0.793444345226 -0.060655318295 0.605535090878 0.009712730175
1413393242.055760384 -1.260645389557 3.237015485764 -0.309391230345 0.788028358048 -0.055787483659 0.612989114075 0.011975144653
1413393242.255760431 -1.205320835114 3.249294281006 -0.324986994267 0.771892490363 -0.055488470980 0.633310222372 0.004605203883
1413393242.455760479 -1.174537420273 3.267021894455 -0.331305474043 0.777882159498 -0.065117884542 0.624855361535 -0.014653259502
1413393242.605760574 -1.165033578873 3.276309251785 -0.328210860491 0.792997378504 -0.074281719057 0.603824914559 -0.032140833994
1413393242.655760288 -1.157564997673 3.278452873230 -0.334838449955 0.795708550578 -0.074671716961 0.600038499853 -0.035010944396
1413393242.705760479 -1.156087994576 3.277508020401 -0.330742001534 0.796623713946 -0.075844292582 0.598597890601 -0.036318438086
1413393242.855760336 -1.141940474510 3.266614198685 -0.325069725513 0.793370196946 -0.070878312948 0.603275324845 -0.039988035806
1413393242.905760527 -1.131585955620 3.262259483337 -0.328653037548 0.793220898044 -0.061352302712 0.604772979537 -0.035863950483
1413393243.055760384 -1.112509489059 3.238234758377 -0.307092607021 0.797914490850 -0.029796560575 0.601284213803 -0.030034143605
1413393243.105760574 -1.109363436699 3.229315996170 -0.304855525494 0.798427089392 -0.020935974480 0.600932299280 -0.030924015524
1413393243.355760336 -1.063501238823 3.192994594574 -0.271324843168 0.781761995870 0.028331554757 0.620450242309 -0.055561590122
1413393243.505760431 -1.039581179619 3.177901983261 -0.274810999632 0.774690331034 0.043268258884 0.627403324700 -0.065938791857
1413393243.705760479 -1.012985110283 3.159593582153 -0.303522318602 0.775202046003 0.055529602433 0.625197808480 -0.071456549919
1413393243.855760336 -1.007489204407 3.147363901138 -0.316533833742 0.779480960204 0.059131795753 0.619201268992 -0.074180512776
1413393243.905760527 -1.009606242180 3.141777276993 -0.314753830433 0.780076480686 0.059631699676 0.618431695752 -0.073939723073
1413393244.005760431 -1.005580544472 3.135354042053 -0.319070875645 0.781377765222 0.061922067977 0.616679029154 -0.072948883023
1413393244.055760384 -1.006400585175 3.135088205338 -0.322302192450 0.781539524790 0.063208243424 0.616444867585 -0.072085477634
1413393244.105760574 -1.010817170143 3.132999181747 -0.318614423275 0.782420549853 0.064893477194 0.615261527620 -0.071135385259
1413393244.255760431 -1.029655694962 3.135637760162 -0.318757921457 0.782946121115 0.074418953640 0.612907085368 -0.076171396308
1413393244.305760622 -1.035733938217 3.136746406555 -0.317582607269 0.783387252872 0.080581007655 0.611231325895 -0.078787852624
1413393244.505760431 -1.062130570412 3.155119419098 -0.317981272936 0.777610946146 0.100343471185 0.612456947475 -0.100741334110
1413393244.605760574 -1.077713966370 3.163226604462 -0.340690523386 0.776178452205 0.103775186780 0.612165085269 -0.109689600872
1413393244.805760622 -1.116784691811 3.181264400482 -0.364792823792 0.775369989808 0.103570618678 0.609898153341 -0.126881370369
1413393245.405760527 -1.258242130280 3.167430400848 -0.342130303383 0.790093965827 0.109747680545 0.592271006081 -0.113675361051
1413393245.605760574 -1.290724873543 3.166418313980 -0.387103199959 0.783011769822 0.112072737905 0.602666369083 -0.105477735104
1413393246.355760336 -1.398049950600 3.203901290894 -0.491614073515 0.786295671357 0.105361975822 0.596097296294 -0.123717472394
1413393246.755760431 -1.424041628838 3.204308509827 -0.517752110958 0.771656591774 0.146241045166 0.605655086457 -0.127834159360
1413393247.005760431 -1.455638051033 3.213210582733 -0.544455289841 0.767667634128 0.152815812622 0.608578055565 -0.130255701177
1413393247.305760622 -1.507807374001 3.242565393448 -0.608712077141 0.778049484097 0.157367297518 0.591371929725 -0.141964380189
1413393247.555760384 -1.537616848946 3.272519111633 -0.671985149384 0.794572861369 0.157681586126 0.565129974561 -0.156264340432
1413393247.805760622 -1.519775629044 3.297832965851 -0.724306523800 0.795047525134 0.157941833644 0.559072654152 -0.174332039775
1413393248.505760431 -1.355664134026 3.231540203094 -0.759968221188 0.754164105627 0.167785126026 0.613912169685 -0.161853674796
1413393248.755760431 -1.339890837669 3.166912555695 -0.725352406502 0.751635449670 0.159578979288 0.620410818781 -0.157064170083
1413393249.155760288 -1.364167928696 3.040015220642 -0.695736467838 0.790135428419 0.154826101550 0.577990200823 -0.132824089572
1413393249.355760336 -1.361725330353 2.998060464859 -0.710374772549 0.784385088935 0.149149588707 0.588120574663 -0.128874464593
1413393249.555760384 -1.352919578552 2.971642255783 -0.719203054905 0.778653591600 0.159313834458 0.596370980898 -0.112513547422
1413393249.855760336 -1.345462799072 2.981612205505 -0.755143702030 0.769091863138 0.162947599937 0.605993276183 -0.121318137522
1413393249.955760479 -1.346259832382 2.996578693390 -0.777961254120 0.769783537798 0.161418010933 0.603959204954 -0.128882899619
1413393250.155760288 -1.352477312088 3.033953666687 -0.810394167900 0.779704897769 0.158161889364 0.592246247220 -0.127630878205
1413393250.255760431 -1.357938289642 3.059217453003 -0.821251094341 0.780087180221 0.155143295514 0.592399238191 -0.128287767805
1413393250.455760479 -1.363462567329 3.115187644958 -0.841268301010 0.772482665536 0.142092494915 0.604145982132 -0.134491619383
1413393250.655760288 -1.378441572189 3.172082185745 -0.852845847607 0.764638515812 0.127827013173 0.613359441941 -0.150925050268
1413393250.855760336 -1.392829656601 3.211006641388 -0.867838561535 0.776586561579 0.130298025088 0.596967962884 -0.153508841101
1413393251.055760384 -1.409508466721 3.232266187668 -0.870645225048 0.787609088434 0.131615801783 0.585392968137 -0.140229376699
1413393251.205760479 -1.408534407616 3.238630294800 -0.863405227661 0.788086249483 0.108303748063 0.593420651719 -0.122647342085
1413393251.255760431 -1.412364602089 3.241860151291 -0.861244201660 0.787896441966 0.096961895054 0.597391744077 -0.113756713958
1413393251.455760479 -1.413231968880 3.240123987198 -0.840477526188 0.782711455016 0.040261403066 0.616081939444 -0.078644367769
1413393251.655760288 -1.426756978035 3.234620571136 -0.813643634319 0.774267016734 -0.012940999982 0.631296312810 -0.042523132679
1413393251.705760479 -1.429767847061 3.230378627777 -0.807216882706 0.772301084662 -0.025208824033 0.633798844791 -0.034852227501
1413393251.955760479 -1.476974964142 3.219647645950 -0.791685283184 0.785533287845 -0.081800192628 0.613339873316 0.007774825629
1413393252.205760479 -1.529087901115 3.215301752090 -0.777031540871 0.791909586295 -0.131488924772 0.594545991961 0.045879036072
1413393252.455760479 -1.589946627617 3.202598094940 -0.727754831314 0.785137842921 -0.183197202721 0.587360202794 0.070748365106
1413393252.705760479 -1.618622899055 3.201921939850 -0.725073575974 0.781517166709 -0.213722431491 0.579915228889 0.085159605060
1413393252.955760479 -1.635619401932 3.191790103912 -0.735950231552 0.773228185921 -0.226412134898 0.580542280770 0.117585990606
1413393253.155760288 -1.644054412842 3.190239906311 -0.731035172939 0.777997312449 -0.235065547698 0.567962172498 0.129936417342
1413393253.255760431 -1.649829626083 3.190224647522 -0.726020336151 0.781222376335 -0.244132024196 0.560673167646 0.125446756883
1413393253.405760527 -1.632612466812 3.192567825317 -0.724566042423 0.782940642211 -0.252542063053 0.556226352372 0.117638377541
1413393253.455760479 -1.636896729469 3.193165063858 -0.720965087414 0.781601883797 -0.252080588101 0.558830461232 0.115162429701
1413393253.605760574 -1.594316601753 3.190209150314 -0.705185353756 0.776795989804 -0.252262806934 0.565327307651 0.115570287627
1413393253.655760288 -1.595833301544 3.187016010284 -0.687995791435 0.773659014529 -0.252209254198 0.569196153203 0.117719385977
1413393253.705760479 -1.579912185669 3.181563615799 -0.682746112347 0.771722771232 -0.251340087418 0.572098073622 0.118220353943
1413393253.905760527 -1.526781320572 3.168266773224 -0.650247573853 0.769033716540 -0.251540380719 0.574728671644 0.122481222955
1413393254.105760574 -1.470884561539 3.149598360062 -0.611260056496 0.763900873724 -0.272522117489 0.570018993425 0.131398550995
1413393254.305760622 -1.418301582336 3.122783899307 -0.552673637867 0.752043701265 -0.301783794377 0.565666567569 0.152899546034
1413393254.555760384 -1.335986375809 3.100155115128 -0.476962953806 0.755247388301 -0.316154497339 0.544939805691 0.180799299507
1413393254.805760622 -1.231118321419 3.083231210709 -0.406165152788 0.744998894997 -0.326220925044 0.553943228360 0.178054694236
1413393255.055760384 -1.117565631866 3.069974899292 -0.341830432415 0.737100077653 -0.326400905477 0.565676382273 0.173655467994
1413393255.305760622 -1.018307209015 3.056510925293 -0.292597085238 0.735491330262 -0.329971606898 0.570557093948 0.156958202065
1413393255.605760574 -0.934057831764 3.029667615891 -0.262179374695 0.735017992127 -0.334495267900 0.568774671857 0.156066983530
1413393255.855760336 -0.895164787769 2.990704774857 -0.259073644876 0.740558130730 -0.340433346102 0.555358520195 0.165092871817
1413393256.055760384 -0.878358781338 2.942071437836 -0.261220276356 0.747933503666 -0.334346747019 0.544547816351 0.179653767233
1413393256.255760431 -0.829876303673 2.903760671616 -0.269740879536 0.747382351901 -0.338582154980 0.541386165117 0.183528918448
1413393256.555760384 -0.746643006802 2.833371162415 -0.263829112053 0.748109057957 -0.348617169471 0.539429466824 0.166778022242
1413393256.755760431 -0.678306579590 2.774422407150 -0.246375665069 0.750438323682 -0.336276010775 0.540872991130 0.176684297819
1413393257.205760479 -0.498545527458 2.633298873901 -0.295873761177 0.746304704392 -0.330239726881 0.553689536595 0.165526657785
1413393257.455760479 -0.389985889196 2.550128459930 -0.325324237347 0.746156739776 -0.328595115938 0.555354161732 0.163881723668
1413393257.655760288 -0.304778903723 2.484596490860 -0.341075360775 0.743612795584 -0.333836446155 0.555800422020 0.163337001221
1413393257.705760479 -0.278667837381 2.463650703430 -0.351813346148 0.743332108235 -0.333514998444 0.555884404474 0.164978167341
1413393257.855760336 -0.214279055595 2.409999370575 -0.377885550261 0.744110076758 -0.332309087174 0.553180084853 0.172808342122
1413393257.905760527 -0.193216457963 2.387703895569 -0.377501398325 0.745159542935 -0.330375710019 0.551584649481 0.177040623062
1413393258.005760431 -0.145674139261 2.348707199097 -0.386535137892 0.745816788521 -0.328797729294 0.549918251521 0.182316673072
1413393258.055760384 -0.121956214309 2.329649686813 -0.390093833208 0.745755563354 -0.328079890279 0.549961640449 0.183723795139
1413393258.155760288 -0.077457889915 2.297746658325 -0.393679916859 0.746319110149 -0.325675187396 0.550585145311 0.183846547425
1413393258.305760622 -0.004327444360 2.246594190598 -0.395828574896 0.740931185475 -0.309355981797 0.567068993347 0.183719184980
1413393258.555760384 0.124884307384 2.193296670914 -0.382267951965 0.740827099170 -0.268617799653 0.596206557633 0.153484364018
1413393258.705760479 0.192285165191 2.172313213348 -0.391207367182 0.755666700838 -0.233052076728 0.599142562505 0.125230902613
1413393258.755760431 0.209421843290 2.163069248199 -0.384723186493 0.761069808753 -0.221950944739 0.598423848960 0.115756529554
1413393258.905760527 0.260425508022 2.148146629333 -0.389309972525 0.775360632924 -0.184763240656 0.598007560177 0.084056165925
1413393258.955760479 0.278279989958 2.141372680664 -0.394570231438 0.779426145707 -0.170193111237 0.598272736785 0.074826223651
1413393259.105760574 0.325313508511 2.126396417618 -0.384603738785 0.789463857043 -0.127097449522 0.598601613109 0.047635988537
1413393259.155760288 0.337027102709 2.128451824188 -0.378694683313 0.791407994102 -0.112294649094 0.599603075282 0.039235545903
1413393259.205760479 0.360496640205 2.116041183472 -0.383348256350 0.793047149428 -0.098500973033 0.600346596225 0.030947474797
1413393259.305760622 0.402258068323 2.089755773544 -0.370789259672 0.796622184779 -0.069072321646 0.600433425135 0.010095428588
1413393259.355760336 0.421640217304 2.060805320740 -0.363005131483 0.795879218683 -0.056324887800 0.602827715706 0.001615308204
1413393259.405760527 0.432898253202 2.062579631805 -0.368675798178 0.796376661545 -0.040926046218 0.603334731303 -0.009818626172
1413393259.655760288 0.513875067234 2.022915840149 -0.418045192957 0.792116430582 0.032474146567 0.606559586345 -0.059854814443
1413393259.855760336 0.597587406635 1.988446116447 -0.401086121798 0.781805906403 0.109935214133 0.604105703036 -0.108398113455
1413393260.155760288 0.723046302795 1.975232720375 -0.358007073402 0.773151260449 0.165607427116 0.592951208653 -0.152382193512
1413393260.305760622 0.790417909622 1.955206632614 -0.352712154388 0.760641941032 0.196721537123 0.593459915690 -0.174727963254
1413393260.355760336 0.812278985977 1.957186102867 -0.332103878260 0.753711277452 0.203799607821 0.598770191814 -0.178491551318
1413393260.455760479 0.851233959198 1.950417280197 -0.316946417093 0.735262405644 0.220058193547 0.616311741272 -0.176418787709
1413393260.555760384 0.886409997940 1.941245913506 -0.333480238914 0.717130943065 0.229990623572 0.635733488254 -0.169323904355
1413393260.705760479 0.915169537067 1.917556643486 -0.340173691511 0.704491250191 0.253691554727 0.644415604176 -0.155116727306
1413393260.755760431 0.916102647781 1.918765664101 -0.356383353472 0.708683876980 0.258588375040 0.637987577350 -0.154502765461
1413393260.905760527 0.897294163704 1.916883587837 -0.370911329985 0.734180607330 0.257623156395 0.604987090531 -0.169114783613
1413393260.955760479 0.888356029987 1.916240453720 -0.371694505215 0.741425534672 0.254531179872 0.594963198643 -0.177541251047
1413393261.205760479 0.834563910961 1.929594993591 -0.385179519653 0.763328326188 0.246606725514 0.566241892224 -0.189433704949
1413393261.405760527 0.798663794994 1.963820099831 -0.381614208221 0.757490544406 0.250194190000 0.570663664542 -0.194817913568
1413393261.705760479 0.772201061249 2.037838697433 -0.368183374405 0.748940491840 0.277391731039 0.549523680339 -0.245287224803
1413393261.905760527 0.783041417599 2.084749460220 -0.353296607733 0.731824272496 0.318550471670 0.535317394946 -0.276395068671
1413393262.105760574 0.812030851841 2.131781101227 -0.334057271481 0.707706171432 0.351801583028 0.539858045543 -0.289725586022
1413393262.305760622 0.846521198750 2.172119379044 -0.315058112144 0.699194529450 0.367836885870 0.538700010211 -0.292618257055
1413393262.605760574 0.896163821220 2.236987829208 -0.293034821749 0.695986009003 0.375299133785 0.540813683366 -0.286835493404
1413393262.805760622 0.933431327343 2.287346124649 -0.309983819723 0.696293364053 0.375281231824 0.541298345796 -0.285193984015
1413393263.005760431 0.979966044426 2.338025808334 -0.333332240582 0.697429063486 0.374850950495 0.537554508715 -0.290025236528
1413393263.055760384 0.988162875175 2.354082584381 -0.340482413769 0.697963672391 0.374358235971 0.535546337356 -0.293074680150
1413393263.255760431 1.028206110001 2.410967350006 -0.359018653631 0.699715171708 0.370762405420 0.531505228331 -0.300726012663
1413393263.505760431 1.098094582558 2.474504470825 -0.370415776968 0.699409466845 0.370462583337 0.533008450478 -0.299142155533
1413393263.705760479 1.167320251465 2.520744800568 -0.401473522186 0.685936258865 0.370593833863 0.550444128240 -0.298601705661
1413393263.905760527 1.220506668091 2.560732603073 -0.458776921034 0.667948963753 0.386586123943 0.556009912503 -0.308623504646
1413393264.155760288 1.251768469810 2.593863487244 -0.512674033642 0.664686369956 0.414827040541 0.532363766336 -0.320467400993
1413393264.355760336 1.272284984589 2.605341196060 -0.547645509243 0.674842707809 0.429712454828 0.512198753191 -0.312389284100
1413393264.755760431 1.302639842033 2.659936189651 -0.592987120152 0.675450694820 0.426222513935 0.509802416765 -0.319690928305
1413393264.955760479 1.317795634270 2.701747894287 -0.610012412071 0.672412183503 0.429933137833 0.511953779301 -0.317683338282
1413393265.105760574 1.330630540848 2.732303142548 -0.634002029896 0.668667175777 0.430221151463 0.517084522328 -0.316887315286
1413393265.205760479 1.336233139038 2.758178234100 -0.633206248283 0.658276345852 0.424061421708 0.531101912508 -0.323689600734
1413393265.405760527 1.336934328079 2.797570943832 -0.644783973694 0.653291660302 0.406971314917 0.539946431338 -0.340649593901
1413393265.605760574 1.331553220749 2.812453985214 -0.651974201202 0.665687918096 0.412600971709 0.522595166355 -0.336918836479
1413393265.755760431 1.333739042282 2.808889150620 -0.651896297932 0.655938653659 0.437928429560 0.519145865333 -0.329318799597
1413393265.805760622 1.326951384544 2.815054178238 -0.645967304707 0.652366356544 0.444416520717 0.517950645432 -0.329604859561
1413393265.955760479 1.305294036865 2.819325923920 -0.624891519547 0.638688214848 0.467262422614 0.509003662033 -0.338612670367
1413393266.005760431 1.294045925140 2.814147233963 -0.612333953381 0.633950046966 0.475841651576 0.503424511009 -0.343868874675
1413393266.055760384 1.277966737747 2.816130161285 -0.606180429459 0.630025024033 0.483984198094 0.496264620569 -0.350070432589
1413393266.205760479 1.230669379234 2.838855504990 -0.588402748108 0.604730186193 0.516555753188 0.478566101702 -0.372083501211
1413393266.255760431 1.209177851677 2.844431161880 -0.584319651127 0.596059597853 0.528915143466 0.470159664741 -0.379356938362
1413393266.455760479 1.148039460182 2.845329284668 -0.540652215481 0.550631324025 0.581211165187 0.431346641008 -0.415859099400
1413393266.705760479 1.081863999367 2.842250108719 -0.499481469393 0.467252860127 0.642637958756 0.373804620763 -0.478499128959
1413393266.905760527 1.060798048973 2.833140134811 -0.495256036520 -0.419297091378 -0.667536016763 -0.343784235872 0.510292555518
1413393267.105760574 1.070593953133 2.814836740494 -0.456421583891 -0.407923144462 -0.686201972116 -0.321750497513 0.509119325666
1413393267.305760622 1.090769052505 2.794396162033 -0.412389516830 -0.412617087788 -0.689330711720 -0.314265506806 0.505774391430
1413393267.505760431 1.121098637581 2.776937961578 -0.398845314980 -0.416946142022 -0.685923970201 -0.322193204849 0.501852441034
1413393267.555760384 1.124010086060 2.774261951447 -0.399700671434 0.416427961911 0.685259729007 0.327332851869 -0.499860189205
1413393267.705760479 1.151668787003 2.768448829651 -0.431465238333 0.414551847982 0.683402963990 0.338837001564 -0.496282972619
1413393267.755760431 1.158253073692 2.766252279282 -0.432048171759 0.412441077561 0.682830433425 0.344210730706 -0.495130358129
1413393267.955760479 1.181302309036 2.753719806671 -0.462844967842 0.411769211147 0.685182602331 0.348257346802 -0.489579197296
1413393268.205760479 1.203795671463 2.735320806503 -0.490125447512 0.424514966903 0.684140194061 0.329831971360 -0.492899666006
1413393268.405760527 1.220679759979 2.727189540863 -0.500528872013 0.416681785441 0.694226955225 0.341079940976 -0.477587498329
1413393268.905760527 1.218273878098 2.715620279312 -0.472286731005 0.432103102827 0.684762478792 0.333141515441 -0.483119135616
1413393269.055760384 1.212794303894 2.720442295074 -0.462684720755 0.424153523828 0.683366756899 0.346224555968 -0.482941300859
1413393269.105760574 1.209898829460 2.721493959427 -0.463710546494 0.418193527531 0.684773818934 0.353311980310 -0.481008952916
1413393269.405760527 1.188633084297 2.731356382370 -0.462766736746 -0.392318742227 -0.687089536795 -0.333896438092 0.512354670394
1413393269.805760622 1.172379851341 2.681331157684 -0.556501269341 -0.390075275883 -0.703275386563 -0.298445769290 0.513979790507
1413393270.055760384 1.182354092598 2.658583402634 -0.625829756260 0.381557506948 0.717544719041 0.306378836751 -0.495656670853
1413393270.305760622 1.189787268639 2.647080421448 -0.672448277473 0.384139172283 0.722070887336 0.300115552000 -0.490898740340
1413393270.705760479 1.197002530098 2.659651756287 -0.733840882778 0.410570933476 0.707425402796 0.320272529706 -0.477918804016
1413393271.355760336 1.140292406082 2.715704679489 -0.697326481342 0.421307298553 0.684923023994 0.373486923767 -0.462480347700
1413393271.655760288 1.078323960304 2.721156358719 -0.716767072678 0.454117931044 0.655307643811 0.386233561619 -0.463866952632
1413393271.905760527 1.030114054680 2.715929269791 -0.719455420971 0.488573869845 0.641553987339 0.394243573225 -0.440767743900
1413393272.105760574 0.993003726006 2.712789058685 -0.718688666821 0.496887932858 0.631115698927 0.405754390450 -0.436071941779
1413393272.305760622 0.951463818550 2.703303337097 -0.714226484299 0.511498486516 0.611211724519 0.410160162936 -0.443348981409
1413393272.505760431 0.915677726269 2.683642387390 -0.686100721359 0.531389113539 0.591945528805 0.423706313996 -0.433242652478
1413393272.555760384 0.921277165413 2.680566787720 -0.691504657269 0.535541301256 0.587854903901 0.429060403238 -0.428403104268
1413393272.755760431 0.868991613388 2.654257535934 -0.664813995361 0.556457867738 0.568956021396 0.452170643208 -0.402722560469
1413393272.955760479 0.807392716408 2.616507768631 -0.655818700790 0.577742864316 0.540847633228 0.475693812787 -0.383943370467
1413393273.155760288 0.740436851978 2.585354089737 -0.652591884136 0.612661157923 0.507852484057 0.482809023224 -0.365551157107
1413393273.205760479 0.720540523529 2.576456069946 -0.633667528629 0.621012568791 0.498508594062 0.485995405248 -0.360057051572
1413393273.455760479 0.618368625641 2.545590877533 -0.614801406860 0.660399795504 0.448585640911 0.506355287851 -0.325956127129
1413393273.655760288 0.552680552006 2.525146722794 -0.573380172253 0.674639446989 0.404705419031 0.534730752471 -0.308444676622
1413393273.705760479 0.553830742836 2.500857353210 -0.573661804199 0.678170175355 0.395608440457 0.538929478813 -0.305178927025
1413393273.905760527 0.484821230173 2.485731840134 -0.550742149353 0.699086184695 0.357680470670 0.548717745169 -0.286796324880
1413393274.205760479 0.387483030558 2.462475299835 -0.502812266350 0.731033535243 0.301823050428 0.556204641378 -0.255204637228
1413393274.455760479 0.329114228487 2.430179595947 -0.462167948484 0.746828925336 0.259415861326 0.568332039524 -0.227922627436
1413393274.855760336 0.275338500738 2.386230230331 -0.460544556379 0.762495232004 0.189100623765 0.593684109780 -0.174302070791
1413393275.055760384 0.252615481615 2.361783981323 -0.476452291012 0.761932528892 0.156832328434 0.611112050888 -0.146302936182
1413393275.305760622 0.208546593785 2.323046207428 -0.503104686737 0.770559219753 0.112696217198 0.616451467747 -0.116300237733
1413393275.505760431 0.180060178041 2.306421518326 -0.465556025505 0.779036425806 0.067738593311 0.616379536768 -0.092681873971
1413393275.855760336 0.110526800156 2.262069225311 -0.418631494045 0.797271784002 -0.000064430926 0.601572905950 -0.049675773120
1413393276.105760574 0.071291767061 2.192882061005 -0.402201592922 0.805667118876 -0.016655539704 0.591168467120 -0.033807349988
1413393276.355760336 0.065145924687 2.118479013443 -0.363505125046 0.788599593755 0.005208207176 0.614840386374 -0.007411248554
1413393276.955760479 0.090171270072 2.019375324249 -0.411620676517 0.797123944909 0.005792856865 0.602640414558 -0.037205935411
1413393277.305760622 0.147868275642 1.967488288879 -0.412687540054 0.792673107527 0.006302944933 0.608616309103 -0.034870997530
1413393277.555760384 0.198030441999 1.934826135635 -0.398360699415 0.792283946342 0.005805487455 0.609406779228 -0.029596761609
1413393277.905760527 0.269606202841 1.893146038055 -0.405244857073 0.781960638614 -0.028756769437 0.622076779652 -0.027038177817
1413393278.155760288 0.297738194466 1.842416286469 -0.436679899693 0.781261782557 -0.075626071957 0.619605409037 0.000131202150
1413393278.455760479 0.304591715336 1.749852538109 -0.461189150810 0.789998342269 -0.146563856756 0.595200235616 0.012588121853
1413393278.805760622 0.316583961248 1.573793411255 -0.455478429794 0.789077340827 -0.152721950728 0.593443180493 0.043105256567
1413393279.055760384 0.330732047558 1.441054701805 -0.430934995413 0.785094078411 -0.137760950442 0.598575960555 0.079725735448
1413393279.305760622 0.346773386002 1.311346292496 -0.428147614002 0.793463698139 -0.127740175182 0.590129957398 0.076449622209
1413393279.555760384 0.383091121912 1.205853223801 -0.444389283657 0.802598992879 -0.125649595039 0.578562111099 0.072890479787
1413393279.905760527 0.470134854317 1.079973936081 -0.456126749516 0.788257773951 -0.114329251026 0.600265179463 0.072526530884
1413393280.055760384 0.505230724812 1.033847689629 -0.458227008581 0.784526539218 -0.114733939131 0.605975174996 0.064408989014
1413393280.155760288 0.530735731125 1.022654294968 -0.463716626167 0.784287021365 -0.116206497313 0.606830107049 0.056100277060
1413393280.305760622 0.556794941425 0.991769492626 -0.451101630926 0.783554507268 -0.119475565177 0.608219149895 0.042864432672
1413393280.355760336 0.568472325802 0.982573151588 -0.451128423214 0.782241883050 -0.119333961238 0.610160049784 0.039520932635
1413393280.605760574 0.594532072544 0.914084076881 -0.432544857264 0.782595103547 -0.125459308483 0.609404374310 0.020766245648
1413393280.805760622 0.600225389004 0.840949475765 -0.456285208464 0.787722199934 -0.135975979294 0.600781788735 0.008094089453
1413393280.955760479 0.599597990513 0.772251904011 -0.485591441393 0.791389668885 -0.133065830311 0.596576359933 0.009625806950
1413393281.005760431 0.600006878376 0.740502119064 -0.491693198681 0.792179353661 -0.129416948261 0.596133160656 0.018122335530
1413393281.055760384 0.600422024727 0.700931847095 -0.492491602898 0.793486778289 -0.122390102424 0.595544604873 0.026946490140
1413393281.455760479 0.608157932758 0.438398420811 -0.475987195969 0.794800821783 -0.101256772804 0.594421610331 0.068569076854
1413393281.555760384 0.618590652943 0.387624502182 -0.472276449203 0.794692786758 -0.102950067807 0.594092132124 0.070137359295
1413393281.655760288 0.626629710197 0.317581117153 -0.458285808563 0.792040582347 -0.106842363324 0.596499681468 0.073788219199
1413393281.755760431 0.635433256626 0.271494060755 -0.440223336220 0.786660745712 -0.108391112551 0.602709347016 0.078471742294
1413393281.905760527 0.649259626865 0.197052180767 -0.408031225204 0.776376630618 -0.117810499400 0.614670250334 0.074434463062
1413393281.955760479 0.654613614082 0.178515613079 -0.408850461245 0.777659917397 -0.119199316656 0.612856469757 0.073781385537
1413393282.105760574 0.667095601559 0.129169896245 -0.389842242002 0.784306640610 -0.129444234934 0.603118110311 0.065998376013
1413393282.155760288 0.666818380356 0.102261856198 -0.385236293077 0.785601861908 -0.133720182800 0.600932152953 0.061881204823
1413393282.205760479 0.666114628315 0.078301534057 -0.373945444822 0.787496646617 -0.136468774008 0.598317907850 0.056929892237
1413393282.705760479 0.693513035774 -0.131899490952 -0.295099705458 0.784325568287 -0.115272481491 0.604056188106 0.081620357848
1413393282.805760622 0.698099017143 -0.167429432273 -0.292096644640 0.780598635935 -0.110739367919 0.610703644990 0.073780804946
1413393282.855760336 0.700886011124 -0.181918621063 -0.294295370579 0.780139613223 -0.106594972434 0.612914665921 0.065994029781
1413393282.905760527 0.704518079758 -0.194110855460 -0.300335645676 0.784155181369 -0.102538606595 0.609150484797 0.059349261568
1413393283.105760574 0.709525763988 -0.242642492056 -0.298943251371 0.801174067471 -0.069082583490 0.593631985363 0.030804772520
1413393283.255760431 0.716121912003 -0.262777239084 -0.284317195415 0.806810268824 -0.032629217961 0.589726781849 0.014662780855
1413393283.355760336 0.723203897476 -0.278935849667 -0.284989446402 0.807667943981 -0.010231968990 0.589547114691 0.001465385323
1413393283.505760431 0.737757861614 -0.282153099775 -0.284121155739 0.808068556389 0.024863181372 0.588143578251 -0.022233675864
1413393283.555760384 0.742919623852 -0.278530627489 -0.290344774723 0.807275231512 0.035908009359 0.588138617564 -0.033322724277
1413393283.755760431 0.776763737202 -0.276598840952 -0.324191361666 0.798472691486 0.079894840423 0.592326541716 -0.072162701564
1413393284.755760431 0.860377371311 0.034335065633 -0.439487904310 0.731617134499 0.322651450864 0.544262594026 -0.253792568817
1413393285.005760431 0.871483802795 0.126548394561 -0.443368405104 0.705542089446 0.383756189924 0.510948720827 -0.306386982947
1413393285.305760622 0.871246039867 0.333397984505 -0.441913664341 0.664393763102 0.451487543895 0.483115398432 -0.348338238922
1413393285.555760384 0.926157832146 0.404353559017 -0.434411674738 0.619326930490 0.510773714085 0.457199307305 -0.382770303444
1413393285.805760622 0.991031229496 0.473550349474 -0.418013036251 0.560957821430 0.568230094413 0.444451920580 -0.406083049646
1413393286.055760384 1.049934625626 0.532591521740 -0.408767372370 0.536629099864 0.596122421379 0.415307746611 -0.429169843775
1413393286.255760431 1.094009876251 0.572523295879 -0.393000930548 0.534542966138 0.598195076967 0.406817157966 -0.436951243067
1413393286.505760431 1.151500105858 0.620477199554 -0.410572111607 0.534690108386 0.595646883702 0.416120042834 -0.431457346181
1413393286.705760479 1.206376671791 0.656321525574 -0.437700480223 0.540692005927 0.592876900563 0.418718736198 -0.425233848262
1413393286.905760527 1.252872705460 0.688042044640 -0.439871877432 0.532631286124 0.603182276232 0.432155982287 -0.407082544198
1413393287.105760574 1.280077219009 0.721027851105 -0.432076096535 0.512321964915 0.621586530659 0.430236950412 -0.407495601001
1413393287.305760622 1.274100065231 0.746556282043 -0.431710958481 0.493517874777 0.639118770253 0.398751945422 -0.434700013876
1413393287.505760431 1.243616461754 0.784219682217 -0.393740803003 0.463160056299 0.663901247754 0.361537315925 -0.462610729918
1413393287.555760384 1.240509867668 0.789773285389 -0.392618745565 0.452705885653 0.670764993115 0.353553946761 -0.469181503043
1413393287.805760622 1.206675410271 0.825706601143 -0.370070636272 0.402606749327 0.706398227421 0.307352958690 -0.494412308160
1413393288.005760431 1.193863272667 0.857960164547 -0.351622432470 -0.357684584210 -0.728489702665 -0.275300695741 0.515338713469
1413393288.055760384 1.186498880386 0.868724465370 -0.353028118610 -0.347575457175 -0.732691623437 -0.268550942241 0.519841442149
1413393288.705760479 1.167470455170 1.057699322701 -0.339353621006 -0.313626786991 -0.744620148833 -0.255511148176 0.530936379984
1413393289.005760431 1.165608644485 1.154981732368 -0.356498777866 -0.300000672932 -0.753374507978 -0.248005573820 0.530018831393
1413393289.255760431 1.171564459801 1.231411695480 -0.405884981155 -0.296097180376 -0.755197713504 -0.241635206705 0.532555735575
1413393289.505760431 1.183475971222 1.299279689789 -0.429164201021 -0.291631184140 -0.760397094202 -0.241341675461 0.527733009218
1413393289.805760622 1.192730307579 1.365527629852 -0.426135092974 -0.293000894103 -0.761388770142 -0.243777899300 0.524413884907
1413393290.055760384 1.194919943810 1.415018796921 -0.415601640940 -0.296190179989 -0.755748197738 -0.249159924559 0.528238265459
1413393290.305760622 1.196908354759 1.457885503769 -0.443529546261 -0.305686390980 -0.754006945065 -0.249749993487 0.525027855350
1413393290.555760384 1.199651002884 1.500304341316 -0.498584896326 -0.301803962322 -0.764081981844 -0.242776944762 0.515899570649
1413393290.855760336 1.186235785484 1.555365324020 -0.563715040684 -0.292219017053 -0.769255051351 -0.236492408749 0.516649009675
1413393291.255760431 1.156813979149 1.644384026527 -0.658249199390 -0.300381256158 -0.751678625115 -0.222401581959 0.543403828528
1413393291.505760431 1.163269996643 1.711436867714 -0.713717937469 -0.289438405812 -0.760908921412 -0.233900899235 0.531538828705
1413393291.705760479 1.169648885727 1.764134168625 -0.740951001644 -0.278843586302 -0.767418434541 -0.236186365083 0.526812151241
1413393291.955760479 1.169832468033 1.820920228958 -0.734124004841 -0.265463043745 -0.773757128728 -0.232390705169 0.526141066807
1413393292.155760288 1.163514018059 1.859624028206 -0.710417628288 -0.251163417644 -0.768226938073 -0.234828817635 0.540000038048
1413393292.355760336 1.152850031853 1.872174978256 -0.642105817795 -0.240580927846 -0.768191210244 -0.230359581208 0.546751546549
1413393292.555760384 1.148880362511 1.867274403572 -0.607845962048 -0.236655028328 -0.769831303307 -0.223583065487 0.548967058781
1413393292.755760431 1.151971578598 1.843601942062 -0.576756417751 -0.227735286012 -0.778012233642 -0.221829622006 0.541872282769
1413393292.905760527 1.151584386826 1.816219329834 -0.535791397095 -0.221785614012 -0.778404507597 -0.217486908380 0.545524619308
1413393292.955760479 1.153561592102 1.801757216454 -0.536178946495 -0.220623746926 -0.777862813625 -0.214799648968 0.547828177431
1413393293.305760622 1.159200310707 1.686754107475 -0.464949160814 -0.219498920138 -0.783192060206 -0.191289803554 0.549398350008
1413393293.555760384 1.176863074303 1.597724556923 -0.460220575333 -0.223226038346 -0.783718146682 -0.179332318989 0.551177044958
1413393293.805760622 1.202853202820 1.507888674736 -0.476458758116 -0.210181304923 -0.791703917104 -0.194517517140 0.539621698889
1413393294.055760384 1.220352768898 1.402382612228 -0.473177343607 -0.204279613305 -0.794770451553 -0.196616765923 0.536611457995
1413393294.255760431 1.225968241692 1.305425524712 -0.459782719612 -0.204559670070 -0.785892082605 -0.194097341883 0.550322984555
1413393294.455760479 1.232049465179 1.196176648140 -0.449882686138 -0.206389261792 -0.790064164113 -0.197939978020 0.542237715910
1413393294.805760622 1.233631849289 0.980105936527 -0.439878344536 -0.225436388880 -0.789699671942 -0.186653372674 0.539178296796
1413393295.105760574 1.225560903549 0.803164422512 -0.429491966963 -0.220617055632 -0.792794860030 -0.196282490379 0.533177022330
1413393295.355760336 1.206693172455 0.658700466156 -0.415916711092 -0.226556352986 -0.791368885159 -0.186483904044 0.536313011029
1413393295.605760574 1.184081077576 0.527099251747 -0.405355006456 -0.238401908296 -0.788269444600 -0.169807098925 0.541259111775
1413393295.855760336 1.164721727371 0.424134224653 -0.433954834938 -0.231471380430 -0.790693016424 -0.177523292139 0.538248151916
1413393296.105760574 1.143314599991 0.343373149633 -0.457127660513 -0.209848651416 -0.797089100943 -0.203541163811 0.528378023391
1413393296.405760527 1.083725690842 0.230278849602 -0.463243007660 -0.214811472823 -0.798770937057 -0.200207981669 0.525107708168
1413393296.705760479 0.998713016510 0.116924479604 -0.506123304367 -0.248836717239 -0.788523505921 -0.195305199686 0.527415743964
1413393296.955760479 0.922433555126 0.046199537814 -0.557514965534 -0.265441551309 -0.781770563817 -0.205613266494 0.525451195781
1413393297.205760479 0.842397749424 -0.002793574007 -0.593195140362 -0.278392182226 -0.776514917172 -0.216478483144 0.522168107726
1413393297.405760527 0.787058949471 -0.019745739177 -0.617734789848 -0.283978236785 -0.772908890828 -0.216336496052 0.524563482156
1413393298.105760574 0.579452157021 -0.005066844635 -0.693243086338 -0.284534108624 -0.768191513569 -0.207302901665 0.534740613766
1413393298.305760622 0.539774775505 0.029915811494 -0.710806310177 -0.274910560993 -0.778459995101 -0.214538916837 0.521917299167
1413393298.555760384 0.478517115116 0.083480261266 -0.731803834438 -0.252943947954 -0.783957062169 -0.234371986414 0.516236903057
1413393298.855760336 0.374135077000 0.134444117546 -0.748835086823 -0.263882514195 -0.777875634308 -0.212165729093 0.529397180773
1413393299.255760431 0.225762516260 0.207978218794 -0.751119196415 -0.263568079012 -0.770958994310 -0.228840128881 0.532716473123
1413393299.505760431 0.142234161496 0.241697341204 -0.746096074581 -0.263905395428 -0.756336101813 -0.236982302651 0.549681065214
1413393299.855760336 0.062797814608 0.243584334850 -0.733202040195 -0.273474739353 -0.761959513558 -0.226865135886 0.541443940980
1413393300.105760574 0.025499809533 0.229856312275 -0.714864850044 -0.260809221967 -0.773491922949 -0.240532089385 0.525198287927
1413393300.355760336 -0.023823646829 0.197332575917 -0.694450020790 -0.264896221631 -0.775856333217 -0.207511428897 0.533681312738
1413393300.605760574 -0.075598701835 0.165864631534 -0.669935643673 -0.235653785401 -0.787702056683 -0.160933640964 0.545979277165
1413393300.855760336 -0.113007672131 0.154448807240 -0.646923243999 -0.173203719885 -0.804849981993 -0.141874734428 0.549625672490
1413393301.155760288 -0.141494110227 0.151980519295 -0.675962030888 -0.128847702633 -0.802668029921 -0.127248066159 0.568269643877
1413393301.555760384 -0.139152869582 0.105398498476 -0.779481470585 -0.066104626492 -0.815884750350 -0.077108897520 0.569224403933
1413393301.755760431 -0.121355816722 0.066344805062 -0.811259984970 -0.025612910870 -0.829281436820 -0.054436462037 0.555583391552
1413393302.155760288 -0.096158772707 -0.039875041693 -0.847988665104 0.005841304244 -0.829913290973 -0.037611786724 0.556592423878
1413393302.455760479 -0.087479650974 -0.153423681855 -0.849568188190 -0.007464266752 -0.828598783409 -0.029465051361 0.559017127655
1413393302.705760479 -0.084150858223 -0.250423967838 -0.832976698875 -0.025458902202 -0.829994636421 -0.025018282700 0.556628196979
1413393302.955760479 -0.086762011051 -0.333236873150 -0.800579130650 -0.031950214882 -0.830546454234 -0.024406038960 0.555496472124
1413393303.305760622 -0.103489942849 -0.417007923126 -0.743952870369 -0.023962789043 -0.829318627774 -0.032393594408 0.557321366443
1413393303.505760431 -0.119842857122 -0.455351233482 -0.708218872547 -0.013680999197 -0.830785803170 -0.046646455176 0.554465558419
1413393303.805760622 -0.146111339331 -0.529639363289 -0.631109237671 -0.020040373924 -0.826977072674 -0.047988363991 0.559825353105
1413393304.005760431 -0.169157207012 -0.579036712646 -0.575020849705 -0.030585766595 -0.827587967163 -0.038272827866 0.559194262038
1413393304.055760384 -0.171263903379 -0.593424856663 -0.569669723511 -0.031914249027 -0.827933888291 -0.034994940090 0.558822524966
1413393304.205760479 -0.183576151729 -0.629579603672 -0.559331715107 -0.032669005604 -0.834316001202 -0.034584106117 0.549230211065
1413393304.255760431 -0.187371015549 -0.634697735310 -0.564054608345 -0.030644592956 -0.835938248321 -0.037553026110 0.546678766738
1413393304.405760527 -0.202675163746 -0.654419481754 -0.577723205090 -0.022792364685 -0.841079866673 -0.043753870443 0.538656475741
1413393304.455760479 -0.209269329906 -0.661931455135 -0.581855833530 -0.020088780028 -0.840190828852 -0.046071107605 0.539956829853
1413393304.605760574 -0.235058918595 -0.683629930019 -0.597959756851 -0.012556166948 -0.837456416183 -0.050590205262 0.544012431964
1413393304.655760288 -0.245944887400 -0.690988600254 -0.597998321056 -0.010970560094 -0.836000136472 -0.049028001740 0.546424475789
1413393304.755760431 -0.265510261059 -0.705161750317 -0.609330117702 -0.008022271794 -0.834725286997 -0.048021064231 0.548510211624
1413393304.955760479 -0.310888111591 -0.742797911167 -0.619819760323 -0.006192367120 -0.834904357768 -0.040046166070 0.548901495322
1413393305.105760574 -0.349956005812 -0.767580449581 -0.627609431744 -0.005445045059 -0.836908265881 -0.038009646843 0.545994929212
1413393305.505760431 -0.472994148731 -0.859536230564 -0.605146825314 -0.015765265911 -0.836194766818 -0.050160990306 0.545906387571
1413393305.955760479 -0.639861226082 -1.001638054848 -0.562934458256 -0.034504730740 -0.830268353870 -0.089131235667 0.549107972337
1413393306.105760574 -0.698636293411 -1.061329841614 -0.551894605160 -0.046681055119 -0.828214323839 -0.085995659959 0.551803215657
1413393306.305760622 -0.776362001896 -1.162314176559 -0.529654502869 -0.055772928915 -0.830079498410 -0.078068724558 0.549329230265
1413393306.555760384 -0.876726925373 -1.288616418839 -0.520903289318 -0.091958155331 -0.831194862363 -0.083775143659 0.541886245408
1413393306.755760431 -0.957534670830 -1.378723978996 -0.543108046055 -0.138932657876 -0.819501403449 -0.099100056543 0.547078040442
1413393306.905760527 -1.019740819931 -1.436239600182 -0.563452780247 -0.165664209155 -0.812655345380 -0.103230735997 0.549081248494
1413393306.955760479 -1.039834260941 -1.452084898949 -0.567490875721 -0.174227468507 -0.810566546508 -0.105438328365 0.549098759237
1413393307.105760574 -1.094175219536 -1.493456482887 -0.567722737789 -0.195013422529 -0.806549830233 -0.125879693726 0.543692319376
1413393307.155760288 -1.107627987862 -1.499393463135 -0.572044074535 -0.199753351709 -0.804930274349 -0.136709494079 0.541753279810
1413393307.205760479 -1.122295498848 -1.505594730377 -0.579439103603 -0.206332137912 -0.802411109760 -0.146741172098 0.540398393669
1413393307.355760336 -1.172878742218 -1.525713682175 -0.593947947025 -0.228594395447 -0.794645304254 -0.174391631644 0.534669236831
1413393307.405760527 -1.187350034714 -1.529175519943 -0.591091215611 -0.237520279175 -0.791963803499 -0.182944771411 0.531891624682
1413393307.555760384 -1.233552098274 -1.538698077202 -0.583933293819 -0.269820053971 -0.783552651854 -0.208972609742 0.519204144291
1413393307.655760288 -1.264468789101 -1.542090654373 -0.573712289333 -0.294805838805 -0.776794253172 -0.222227202943 0.510191239155
1413393307.805760622 -1.315008759499 -1.548403859138 -0.573751330376 -0.324456313444 -0.762195506948 -0.250070204818 0.501249532711
1413393307.955760479 -1.371281743050 -1.544767498970 -0.554243266582 0.346807636129 0.744862634217 0.281365240874 -0.495719485056
1413393308.105760574 -1.436256527901 -1.539250850677 -0.533272087574 0.372094226748 0.727636842749 0.306930200423 -0.487734013043
1413393308.155760288 -1.456954836845 -1.536278724670 -0.529065728188 0.381674720386 0.721351218418 0.314790389837 -0.484648258114
1413393308.205760479 -1.479772329330 -1.536324501038 -0.530119061470 0.389945868452 0.716264162980 0.322545418523 -0.480491761576
1413393308.355760336 -1.550911784172 -1.535945534706 -0.513328433037 0.418682714714 0.695421949623 0.342221795677 -0.473262462580
1413393308.455760479 -1.601071596146 -1.530031085014 -0.501559615135 0.441388530425 0.681368658795 0.350994979176 -0.466600042686
1413393308.755760431 -1.740186810493 -1.524710536003 -0.514905571938 0.513098746314 0.633467770621 0.369760203691 -0.445786688486
1413393308.905760527 -1.803306698799 -1.517807722092 -0.553805112839 0.535548121591 0.605905278568 0.393359715838 -0.437418856896
1413393309.005760431 -1.839416503906 -1.507252335548 -0.580068707466 0.548150311737 0.589351110434 0.410373819186 -0.428707219551
1413393309.205760479 -1.901936054230 -1.496296167374 -0.631982564926 0.572726219249 0.558431577300 0.436070870363 -0.412287436915
1413393309.355760336 -1.936534285545 -1.492157578468 -0.662308514118 0.578635088594 0.549622796185 0.451249800701 -0.399336769566
1413393309.405760527 -1.953639745712 -1.491960048676 -0.669600605965 0.579667348910 0.549847085326 0.453944411924 -0.394446892678
1413393309.605760574 -2.007906675339 -1.492884993553 -0.692842781544 0.583448024988 0.557003421644 0.452391153541 -0.380365508925
1413393309.805760622 -2.058573484421 -1.482975006104 -0.706155896187 0.589411015686 0.562520128412 0.437016663295 -0.381027928560
1413393310.005760431 -2.102019786835 -1.462623476982 -0.718941330910 0.594294961438 0.557636694008 0.425222635070 -0.393751885806
1413393310.055760384 -2.115229606628 -1.456350922585 -0.716243922710 0.595249958505 0.557037462040 0.423908726312 -0.394573231330
1413393310.255760431 -2.137057304382 -1.419377446175 -0.716007053852 0.581924440477 0.559983705047 0.439098605210 -0.393668354263
1413393310.455760479 -2.153230905533 -1.377849221230 -0.716015160084 0.570301089271 0.568266585270 0.450689655346 -0.385627640075
1413393310.705760479 -2.177483320236 -1.324700355530 -0.721080422401 0.579289994292 0.559678426503 0.436888197308 -0.400389616375
1413393310.955760479 -2.188338994980 -1.271145343781 -0.727445304394 0.586403654060 0.557670513271 0.432950699443 -0.397099597600
1413393311.255760431 -2.173078536987 -1.193361997604 -0.755952119827 0.590273977120 0.557903281881 0.441493903773 -0.381318497867
1413393311.505760431 -2.150956630707 -1.108139157295 -0.815849006176 0.589488845594 0.560344009981 0.445693668196 -0.373998431521
1413393311.755760431 -2.132527112961 -0.999582469463 -0.841592669487 0.582644293343 0.560822733744 0.454175905228 -0.373801738467
1413393312.055760384 -2.134683132172 -0.859440863132 -0.849546551704 0.563911195160 0.563418380219 0.460771949811 -0.390196414900
1413393312.355760336 -2.157006025314 -0.735550403595 -0.854492843151 0.561490150952 0.563869777115 0.451112430480 -0.404075805623
1413393312.855760336 -2.183346986771 -0.566512525082 -0.852975428104 0.566130752814 0.565890907095 0.447639553354 -0.398600575304
1413393313.105760574 -2.194802522659 -0.497814834118 -0.840616285801 0.562523723137 0.562578263732 0.452059527500 -0.403379551209
1413393313.305760622 -2.196321964264 -0.452906489372 -0.825019657612 0.553857764494 0.583119180068 0.440010274578 -0.399505629788
1413393313.955760479 -2.152007818222 -0.355926215649 -0.806361913681 0.567696795525 0.548170446933 0.458846733900 -0.408275913172
1413393314.205760479 -2.100511550903 -0.359248399734 -0.806746840477 0.587152540731 0.549439473561 0.452298595330 -0.385738476332
1413393314.455760479 -2.051699876785 -0.353523820639 -0.797899127007 0.566564972970 0.575393336653 0.443024603077 -0.389430235018
1413393314.705760479 -2.030978441238 -0.338824987411 -0.800519466400 0.529519724618 0.616204252675 0.419884933859 -0.404472212347
1413393314.955760479 -2.023992776871 -0.301160722971 -0.812036931515 0.503924027409 0.646366292997 0.392114063014 -0.417753338846
1413393315.105760574 -2.030756950378 -0.264096975327 -0.819166183472 0.490761103021 0.658613524134 0.375778133985 -0.429153391588
1413393315.155760288 -2.033146619797 -0.251204967499 -0.826953411102 0.487556795471 0.661312324011 0.373606747562 -0.430548973744
1413393315.205760479 -2.036314010620 -0.236036881804 -0.834340989590 0.484056030685 0.663913311749 0.374159378817 -0.430015889478
1413393315.405760527 -2.049126148224 -0.162503346801 -0.855747461319 0.458540164725 0.675301069761 0.382355495021 -0.433028470544
1413393315.605760574 -2.086320638657 -0.088419221342 -0.875909626484 0.450667718231 0.668872890590 0.395068300167 -0.439805397449
1413393316.105760574 -2.263431549072 0.038827333599 -0.800120830536 0.464993278854 0.653261415823 0.379541796464 -0.461496237599
1413393316.305760622 -2.341379880905 0.073010601103 -0.734404146671 0.459318712603 0.653258898119 0.388809071970 -0.459463422407
1413393316.505760431 -2.419559955597 0.098774775863 -0.668615937233 0.459892935831 0.654900249860 0.382308433711 -0.462000406096
1413393316.805760622 -2.554428815842 0.118044756353 -0.594313025475 0.459539427568 0.662949414588 0.372804045473 -0.458627173156
1413393317.055760384 -2.660112142563 0.151395872235 -0.606325685978 0.452660805204 0.658790781656 0.378324882501 -0.466865341351
1413393317.405760527 -2.798864841461 0.200134411454 -0.649822235107 0.437592821208 0.651962785781 0.386512150428 -0.483803228278
1413393317.605760574 -2.868161916733 0.208324775100 -0.672772049904 0.437032812812 0.651440022985 0.384704174675 -0.486447353809
1413393317.805760622 -2.930954456329 0.205112010241 -0.713573276997 0.440676903313 0.652020591367 0.377450143542 -0.488061916453
1413393317.955760479 -2.998937606812 0.177706703544 -0.747214853764 0.444023590201 0.652863709302 0.379989405786 -0.481892372321
1413393318.005760431 -3.017355918884 0.169003158808 -0.757681250572 0.446373582070 0.653569075775 0.381047862165 -0.477912848489
1413393318.105760574 -3.060837030411 0.149062663317 -0.784369289875 0.452859975292 0.652048489571 0.378958745783 -0.475542792278
1413393318.255760431 -3.123829126358 0.118370041251 -0.819287657738 0.464568838255 0.647575871665 0.371409687301 -0.476315312951
1413393318.305760622 -3.142119646072 0.106529109180 -0.829128861427 0.469252944759 0.645475542586 0.368198082270 -0.477067370527
1413393318.605760574 -3.262030601501 0.047909878194 -0.922679901123 0.478027839889 0.638045914151 0.364990405865 -0.480800225630
1413393318.855760336 -3.328342676163 0.002492936794 -0.982970893383 0.476070993599 0.635574608791 0.368310257584 -0.483475954462
1413393319.055760384 -3.355173349380 -0.034080866724 -0.998394548893 0.465529681771 0.633060420003 0.375056618010 -0.491781680224
1413393319.405760527 -3.365842103958 -0.123342841864 -0.997887730598 0.477361861629 0.650271343199 0.353330310278 -0.473741061323
1413393319.755760431 -3.357850313187 -0.176918566227 -1.018640756607 0.486000128918 0.668803658071 0.328925445869 -0.456413865861
1413393320.055760384 -3.300705909729 -0.149418219924 -1.028905272484 0.455943577834 0.679273632808 0.354023354086 -0.453177926402
1413393320.555760384 -3.376604557037 -0.161387875676 -1.073966860771 0.466741866076 0.676036472305 0.357248015115 -0.444410451557
1413393320.805760622 -3.398442268372 -0.159643307328 -1.142497658730 0.468243457704 0.673842040209 0.360786843453 -0.443303404618
1413393321.005760431 -3.401617050171 -0.167385190725 -1.188109517097 0.466783086803 0.683080172394 0.364960740650 -0.426987989183
1413393321.055760384 -3.403991460800 -0.169933274388 -1.216674208641 0.465840321383 0.684574687688 0.364039150092 -0.426410387722
1413393321.305760622 -3.436681747437 -0.168258741498 -1.361129283905 0.468485339919 0.666247232500 0.373115356630 -0.444320895903
1413393321.505760431 -3.484812021255 -0.157353401184 -1.472803235054 0.466826239774 0.660987229427 0.374102821015 -0.453007963716
1413393321.555760384 -3.498722076416 -0.152939841151 -1.499905109406 0.469406374779 0.660705927261 0.370841673835 -0.453433373165
1413393321.755760431 -3.468998670578 -0.163215085864 -1.474279880524 0.470136859853 0.661342334088 0.369203373875 -0.453085563233
1413393322.005760431 -2.895728826523 -0.295752078295 -1.067004442215 0.467553459792 0.661796577520 0.372576962658 -0.452333448070
1413393323.055760384 -3.716442346573 -0.102388113737 -1.667876243591 0.467402145773 0.662105700952 0.372719526109 -0.451919734040
1413393323.205760479 -3.771551609039 -0.090633027256 -1.697742819786 0.467265672868 0.662308184840 0.372499913634 -0.451945238832
1413393323.255760431 -3.718241691589 -0.103179506958 -1.668423891068 0.467332602836 0.662252869150 0.372527404648 -0.451934499219
1413393323.405760527 -3.781054258347 -0.088203400373 -1.700188279152 0.467292035652 0.662217454894 0.372452821543 -0.452089662803
1413393323.455760479 -3.725485086441 -0.100657947361 -1.672339677811 0.467401952505 0.662230038971 0.372318011472 -0.452068662364
1413393323.705760479 -3.492419004440 -0.156404659152 -1.506485819817 0.468675238759 0.661474981749 0.371749267671 -0.452323986148
1413393323.805760622 -3.494277477264 -0.156193688512 -1.507351040840 0.468712325841 0.661508002944 0.371696899071 -0.452280317000
1413393323.855760336 -3.493610143661 -0.156484559178 -1.507085561752 0.468685923707 0.661490280339 0.371726483896 -0.452309076030
1413393323.905760527 -3.492941141129 -0.156746402383 -1.506835222244 0.468793805558 0.661453628461 0.371689987526 -0.452280905549
1413393324.005760431 -3.494009971619 -0.156682908535 -1.506689906120 0.468797269736 0.661486248056 0.371681922301 -0.452236278361
1413393324.055760384 -3.493178129196 -0.157024160028 -1.506244540215 0.468912212766 0.661406802563 0.371639164045 -0.452268379428
1413393324.105760574 -3.492331981659 -0.157326132059 -1.505865216255 0.468971170572 0.661441899769 0.371522282514 -0.452251978985
1413393324.205760479 -3.493450403214 -0.157251223922 -1.505573630333 0.468958874153 0.661414758243 0.371550440201 -0.452281306368
1413393324.255760431 -3.492649078369 -0.157516941428 -1.505216121674 0.469015106492 0.661396109415 0.371447687055 -0.452334618341
1413393324.305760622 -3.491813182831 -0.157744288445 -1.504791855812 0.469045849818 0.661387466341 0.371354909564 -0.452391537760
1413393324.405760527 -3.492869377136 -0.157612279058 -1.504487156868 0.469027829521 0.661338931794 0.371293345108 -0.452531651436
1413393324.455760479 -3.492064476013 -0.157895892859 -1.504232048988 0.469031446685 0.661327969979 0.371284526831 -0.452551376064
1413393324.555760384 -3.493057250977 -0.157874807715 -1.503899216652 0.469025232066 0.661356430327 0.371304976569 -0.452499400014
1413393324.655760288 -3.494217872620 -0.157862842083 -1.503421306610 0.469050645741 0.661362643279 0.371259242844 -0.452501446573
1413393324.755760431 -3.495439291000 -0.157858461142 -1.503124117851 0.469083981664 0.661462245326 0.371152145168 -0.452409013523
1413393325.055760384 -3.494297266006 -0.158412635326 -1.504143118858 0.468860925315 0.661417988363 0.371421820569 -0.452483768962
1413393325.105760574 -3.483897924423 -0.161078855395 -1.503621935844 0.468851727432 0.661270924487 0.371282501532 -0.452822404872
1413393325.155760288 -3.474727392197 -0.163614153862 -1.503025531769 0.468917124507 0.661351000283 0.371265038094 -0.452651957677
1413393325.205760479 -3.466796636581 -0.166019409895 -1.502505302429 0.469104796729 0.661429337307 0.370922169886 -0.452624199118
1413393325.305760622 -3.466696739197 -0.166801363230 -1.502349972725 0.469174420619 0.661224246218 0.371137330444 -0.452675347563
1413393325.555760384 -3.500326156616 -0.156939744949 -1.502850770950 0.469085866444 0.661366718561 0.370972156654 -0.452694327557
1413393325.755760431 -3.500257730484 -0.156949236989 -1.502794742584 0.469322662468 0.661192588414 0.370650588955 -0.452966617990
1413393326.055760384 -3.498602390289 -0.156198725104 -1.501570105553 0.469318405166 0.661190013580 0.370661410518 -0.452965936700
