input_csv: /home/sharpa/hno_vio_clean/src/hno_vio/results/run_20260625T092005/vio_results/odom_raw.csv
input_txt: /home/sharpa/hno_vio_clean/src/hno_vio/results/run_20260625T092005/vio_results/odom_raw.txt
euroc_mav0: /home/sharpa/datasets/euroc/ASL/V1_01_easy/mav0
row_count: 2290
start_timestamp_ns: 1403715275962142976
end_timestamp_ns: 1403715418812143104
duration_sec: 142.850000128
mean_hz: 16.023801175701458
first_cam0_timestamp_ns: 1403715273262142976
last_cam0_timestamp_ns: 1403715418812143104
odom_vs_cam0_start_diff_sec: 2.7
odom_vs_cam0_end_diff_sec: 0.0
quaternion_norm_bad_count: 0
nan_count: 0
max_step_translation_m: 0.23688862147589515
max_step_rotation_deg: 27.660453208260158
max_step_time_sec: 0.449999872
large_step_count: 0
